Date	Australia_AUD	Japan_JPY	China_CNY	Canada_CAD	Switzerland_CHF	USA_USD	UK_GBP	HK_HKD	France_EUR	Germany_EUR	South_Korea_KRW	Brazil_BRL	Ireland_EUR	Taiwan_TWD	India_INR	Netherlands_EUR	Russia_RUB	South_Africa_ZAR
31-Dec-99	3117.7	18934.34	1366.58	8413.75	7570.1	1469.25	6930.2	16962.1	5958.32	6958.14	1028.07	17091.6	5017.54	8448.84	1480.45	671.41	151.87	7806.19
31-Jan-00	3080.2	19539.7	1534.997	8481.11	6894.7	1394.46	6268.5	15532.34	5659.81	6835.6	943.88	16388.3	4903.05	9744.89	1546.2	612.38	188.81	7601.22
29-Feb-00	3124.6	19959.52	1714.578	9128.99	6910.1	1366.42	6232.6	17169.44	6190.96	7644.55	828.38	17660.2	5116.42	9435.94	1654.8	664.28	191.49	7127.31
31-Mar-00	3133.255	20337.32	1800.225	9462.39	7428.1	1498.58	6540.2	17406.54	6286.05	7599.39	860.94	17820.4	5647.6	9854.95	1528.45	662.29	254.68	7226.15
28-Apr-00	3115.805	17973.7	1836.321	9347.61	7406.2	1452.43	6327.4	15519.3	6419.72	7414.68	725.39	15537.6	5384.12	8777.35	1406.55	661.38	242.85	6761.72
31-May-00	3081.018	16332.45	1894.554	9251.99	7754	1420.6	6359.3	14713.86	6426.26	7109.67	731.88	14956.6	4915.62	8939.52	1380.45	655.5	217.05	6769.46
30-Jun-00	3311.207	17411.05	1928.106	10195.45	7761.6	1454.6	6312.7	16155.78	6446.54	6898.21	821.22	16727.9	4916.62	8265.09	1471.45	672.14	194.93	7144.04
31-Jul-00	3251.134	15727.49	2023.539	10406.31	8023.2	1430.83	6365.3	16840.98	6542.49	7190.37	705.97	16454.6	4985.85	8114.92	1332.85	668.18	200.22	7220.13
31-Aug-00	3297.882	16861.26	2021.199	11247.9	8219.9	1517.68	6672.7	17097.51	6625.42	7216.45	688.62	17346.7	5403.44	7616.98	1394.1	689.52	239.03	7966.83
29-Sep-00	3298.875	15747.26	1910.161	10377.9	7713.3	1436.51	6294.2	15648.98	6266.63	6798.12	613.22	15928.4	5737.16	6185.14	1271.65	661.52	204.61	7783.22
31-Oct-00	3254.701	14539.6	1961.287	9639.6	7977.5	1429.4	6438.4	14895.34	6397.66	7077.44	514.48	14867.2	5862.66	5544.18	1172.75	680.56	192.22	7757.53
30-Nov-00	3274.676	14648.51	2070.613	8819.9	7981.9	1314.95	6142.2	13984.39	5928.08	6372.33	509.23	13287.4	5654.45	5256.93	1268.15	649.92	149.84	7410.55
29-Dec-00	3206.261	13785.69	2073.477	8933.7	8135.4	1320.28	6222.5	15095.53	5926.42	6433.61	504.62	15259.3	5722.53	4739.09	1263.55	637.6	144.39	7862.61
31-Jan-01	3341.84	13843.55	2065.606	9321.87	8057.4	1366.01	6297.5	16102.35	5998.49	6795.14	617.91	17672.8	5891.26	5936.2	1371.7	639.98	167.74	8626.84
28-Feb-01	3326.586	12883.54	1959.18	8078.7	7701.8	1239.94	5917.9	14787.87	5367.48	6208.24	578.1	15891.4	5881.82	5674.69	1351.4	597.33	158.1	8633.88
30-Mar-01	3147.343	12999.7	2112.775	7608	7167.8	1160.33	5633.7	12760.64	5180.45	5829.95	523.22	14438.5	5541.36	5797.92	1148.2	558.36	166.67	7802.53
30-Apr-01	3329.542	13934.32	2119.184	7946.63	7327.2	1249.46	5966.9	13386.04	5640.03	6264.51	577.36	14917.5	5833.67	5381.67	1125.25	593.09	178.29	8610.82
31-May-01	3379.254	13262.14	2214.257	8161.87	7487.6	1255.82	5796.1	13174.41	5454.19	6123.26	612.16	14650	6267.4	5048.86	1167.9	585.15	207.71	8984.63
29-Jun-01	3490.458	12969.05	2218.029	7736.35	7240.2	1224.42	5642.5	13042.53	5225.33	6058.38	595.13	14559.8	6435.15	4883.43	1107.9	573.5	219.4	8746.98
31-Jul-01	3324.687	11860.77	1920.318	7689.69	6847.3	1211.23	5529.1	12316.69	5085.51	5861.19	541.55	13754.2	6060.64	4352.98	1072.85	548.72	200.64	8076.82
31-Aug-01	3275.745	10713.51	1834.138	7399.22	6582.4	1133.58	5345	11090.48	4689.34	5188.17	545.11	12840.6	5757.76	4509.44	1053.75	523.63	193.72	8492.13
28-Sep-01	3049.678	9774.68	1764.867	6838.56	6014.2	1040.94	4903.4	9950.7	4079.02	4308.15	479.68	10635.7	5002.77	3636.94	913.85	453.87	167.33	7571.97
31-Oct-01	3249.617	10366.34	1689.17	6885.7	6081	1059.78	5039.7	10073.97	4341.29	4559.13	537.81	11364.7	5221.16	3903.49	971.9	460.33	187.41	8078.83
30-Nov-01	3337.446	10697.44	1747.993	7425.65	6237	1139.45	5203.6	11279.25	4476.06	4989.91	643.89	12931.7	5463.77	4441.12	1067.15	492.67	213.32	9010.86
31-Dec-01	3422.319	10542.62	1645.971	7688.41	6417.8	1148.08	5217.4	11397.21	4624.58	5160.1	693.7	13577.6	5707	5551.24	1059.05	506.78	236.24	10110.17
31-Jan-02	3464.172	9997.8	1491.665	7648.49	6237.3	1130.21	5164.8	10725.3	4461.87	5107.61	748.07	12721.5	5292.37	5872.14	1080.45	500.92	260.77	10025.45
28-Feb-02	3414.341	10587.83	1524.701	7637.5	6352.8	1106.73	5101	10482.55	4462.99	5039.08	819.99	14033.3	4959.61	5696.11	1142.05	494.91	262.65	10632.71
29-Mar-02	3414.774	11024.94	1603.905	7851.47	6655.2	1147.39	5271.8	11032.92	4688.02	5397.29	895.58	13254.5	5186.57	6167.47	1129.55	531.21	302.96	10766.34
30-Apr-02	3350.018	11492.54	1667.749	7663.39	6557.6	1076.92	5165.6	11497.58	4462.74	5041.2	842.34	13085.1	5146.72	6065.73	1084.5	511.28	342.17	10660.26
31-May-02	3373.597	11763.7	1515.733	7656.13	6574.8	1067.14	5085.1	11301.94	4274.64	4818.3	796.4	12861.4	5237.94	5675.65	1028.8	484.55	333.61	10798.01
28-Jun-02	3215.955	10621.84	1732.755	7145.61	5979.7	989.81	4656.4	10598.55	3897.99	4382.56	742.72	11139.2	4743.45	5153.71	1057.8	439.66	304.18	10233.44
31-Jul-02	3086.198	9877.94	1651.594	6605.42	5196.7	911.62	4246.2	10267.36	3415.38	3700.14	717.99	9762.6	4243.39	4940.38	958.9	363.59	281.8	8768.15
30-Aug-02	3120.134	9619.3	1666.618	6611.95	5230.5	916.07	4227.3	10043.87	3366.21	3712.94	736.4	10382.2	4400.98	4764.94	1010.6	371.59	292.23	9225.96
30-Sep-02	2970.88	9383.29	1581.618	6180.42	4783	815.28	3721.8	9072.21	2777.45	2769.03	646.42	8622.5	3838.52	4191.81	963.15	296.36	289.96	8991.75
31-Oct-02	3042.931	8640.48	1507.496	6248.79	4949.1	885.76	4039.7	9441.25	3150.04	3152.85	658.92	10167.7	4219.27	4579.14	951.4	342.84	311.39	8850.29
29-Nov-02	3061.407	9215.56	1434.182	6570.42	5117.5	936.31	4169.4	10069.87	3326.65	3320.32	724.8	10508.8	4419.56	4646.69	1050.15	361.99	321.41	8991.88
31-Dec-02	3007.113	8578.95	1357.654	6614.54	4630.8	879.82	3940.4	9321.29	3063.91	2892.63	627.55	11268.5	3995.03	4452.45	1093.5	322.73	318.91	8682.03
31-Jan-03	2956.923	8339.94	1499.815	6569.49	4422.5	855.7	3567.4	9258.95	2937.88	2747.83	591.86	10941.1	3970.56	5015.16	1041.85	294.94	307.78	8183.21
28-Feb-03	2800.907	8363.04	1511.932	6555.12	4148.2	841.15	3655.6	9122.66	2754.07	2547.05	575.43	10280.6	3789.98	4432.46	1063.4	266.21	341.52	7796.61
31-Mar-03	2885.159	7972.71	1510.578	6343.29	4085.6	848.18	3613.3	8634.45	2618.46	2423.87	535.7	11273.6	3928.72	4321.22	978.2	248.54	325.56	7095.78
30-Apr-03	3007.513	7831.42	1521.444	6586.07	4542.7	916.92	3926	8717.22	2953.67	2942.04	599.35	12556.7	4204.64	4148.07	934.05	282.63	369.77	6924.49
30-May-03	3010.986	8424.51	1576.261	6859.8	4630.8	963.59	4048.1	9487.38	2991.75	2982.68	633.42	13421.6	4214.89	4555.9	1006.8	280.57	421.08	7940.13
30-Jun-03	3026.874	9083.11	1486.024	6983.14	4813.7	974.5	4031.2	9577.12	3084.1	3220.58	669.93	12972.6	4279.83	4872.15	1134.15	291.55	455.44	7680.74
31-Jul-03	3122.267	9563.21	1476.742	7257.92	5079.1	990.31	4157	10134.83	3210.27	3487.86	713.52	13571.7	4412.87	5318.34	1185.85	317.49	430.3	8088.21
29-Aug-03	3199.712	10343.55	1421.983	7510.32	5124.2	1008.01	4161.1	10908.99	3311.42	3484.58	759.47	15174.5	4595.82	5650.83	1356.55	329.41	484	8470.33
30-Sep-03	3169.536	10219.05	1367.161	7421.13	5043.5	995.97	4091.3	11229.87	3134.99	3256.78	697.52	16010.7	4487.38	5611.41	1417.1	306.78	515.15	8167
31-Oct-03	3272.01	10559.59	1348.303	7772.7	5211.4	1050.71	4287.6	12190.1	3373.2	3655.99	782.36	17982.5	4764.99	6045.12	1555.9	330.22	468.85	8966.62
28-Nov-03	3186.394	10100.57	1397.225	7859.39	5317.5	1058.2	4342.6	12317.47	3424.79	3745.95	796.18	20184	4716.01	5771.77	1615.25	332.19	484.73	8884.73
31-Dec-03	3299.768	10676.64	1497.044	8220.89	5487.8	1111.92	4476.9	12575.94	3557.9	3965.16	810.71	22236.4	4920.73	5890.69	1879.75	337.65	514.71	9495.76
30-Jan-04	3271.997	10783.61	1590.729	8521.39	5736.4	1131.13	4390.7	13289.37	3638.44	4058.6	848.5	21851.4	5103.48	6375.38	1809.75	353.31	551.72	9953.72
27-Feb-04	3360.598	11041.92	1675.067	8788.49	5798.4	1144.94	4492.2	13907.03	3725.44	4018.16	883.42	21755	5092.02	6750.54	1800.3	356.59	591.09	10005.41
31-Mar-04	3415.258	11715.39	1741.623	8585.93	5618.6	1126.21	4385.7	12681.67	3625.23	3856.7	880.5	22142.3	5177.18	6522.19	1771.9	338.87	644.64	9773.27
30-Apr-04	3400.793	11761.79	1595.587	8243.97	5774.4	1107.31	4489.7	11942.96	3674.28	3985.21	862.84	19607.2	5321.85	6117.81	1796.1	341.41	561.78	9455.17
31-May-04	3460.21	11236.37	1555.906	8417.32	5627.1	1120.68	4430.7	12198.24	3669.63	3921.41	803.84	19544.7	5225.55	5977.84	1483.6	337.19	535.4	9525.95
30-Jun-04	3532.885	11858.87	1399.162	8545.58	5619.1	1140.84	4464.1	12285.75	3732.99	4052.73	785.79	21148.9	5466.19	5839.44	1505.6	345.13	534.84	9200.62
30-Jul-04	3536.142	11325.78	1386.202	8458.07	5547.2	1101.72	4413.1	12238.03	3647.1	3895.61	735.34	22336.9	5358.63	5420.57	1632.3	329.91	502.81	9405.23
31-Aug-04	3552.686	11081.79	1342.062	8377.03	5421.7	1104.24	4459.3	12850.28	3594.28	3785.21	803.57	22803.2	5450.52	5765.54	1631.75	323.12	549.28	10242
30-Sep-04	3665.044	10823.57	1396.7	8668.29	5465.3	1114.58	4570.8	13120.03	3640.61	3892.9	835.09	23245.2	5610.33	5845.69	1745.5	323.94	611.03	10780.46
29-Oct-04	3778.638	10771.42	1320.536	8870.97	5363.4	1130.2	4624.2	13054.66	3706.82	3960.25	834.84	23052.2	5681.89	5705.93	1786.9	330.48	632.97	10556.09
30-Nov-04	3931.318	10899.25	1340.771	9030.05	5444.2	1173.82	4703.2	14060.05	3753.75	4126	878.06	25128.3	5973.86	5844.76	1958.8	337.15	570.76	11283.33
31-Dec-04	4050.604	11488.76	1266.496	9246.65	5693.2	1211.92	4814.3	14230.14	3821.16	4256.08	895.92	26196.3	6197.83	6139.69	2080.5	348.08	552.22	11405.72
31-Jan-05	4107.252	11387.59	1191.823	9204.05	5771.4	1181.27	4852.3	13721.69	3913.69	4254.85	932.7	24350.6	6414.29	5994.23	2057.6	360.42	575.74	11530.91
28-Feb-05	4172.752	11740.6	1306.003	9668.32	5931.3	1203.6	4968.5	14195.35	4027.16	4350.49	1011.36	28139.1	6271.62	6207.83	2103.25	374.37	635.38	12188.73
31-Mar-05	4109.826	11668.95	1181.236	9612.38	5929.7	1180.59	4894.4	13516.88	4067.78	4348.77	965.68	26610.7	5984.88	6005.88	2035.65	369.56	598.04	12083.25
29-Apr-05	3983.169	11008.9	1159.146	9369.3	5870.79	1156.85	4801.7	13908.97	3911.71	4184.84	911.3	24843.7	5831.44	5818.07	1902.5	348.2	593.88	11324.02
31-May-05	4106.437	11276.59	1060.738	9607.3	6127.2	1191.5	4964	13867.07	4120.73	4460.63	970.21	25207.1	6215.68	6011.56	2087.55	364.68	603.89	12518.63
30-Jun-05	4277.494	11584.01	1080.938	9902.77	6253.08	1191.33	5113.2	14201.06	4229.35	4586.28	1008.16	25051.2	6540.8	6241.94	2220.6	383.83	639.98	12859.18
29-Jul-05	4388.829	11899.6	1083.033	10422.93	6600.88	1234.18	5282.3	14880.98	4451.74	4886.5	1111.29	26042.4	6770.12	6311.98	2312.3	395.77	700.65	13725.78
31-Aug-05	4446.782	12413.6	1162.798	10668.94	6517.21	1220.33	5296.9	14903.55	4399.36	4829.69	1083.33	28044.8	6677.28	6033.47	2384.65	389.6	784.28	13949.51
30-Sep-05	4641.163	13574.3	1155.614	11011.83	6898.88	1228.81	5477.7	15428.52	4600.02	5044.12	1221.01	31583.8	6839.09	6118.61	2601.4	402.99	892.5	15363.58
31-Oct-05	4459.666	13606.5	1092.817	10383.32	7036.65	1207.01	5317.3	14386.37	4436.45	4929.07	1158.11	30193.5	6576.23	5764.3	2370.95	394.16	842.52	14946.05
30-Nov-05	4634.806	14872.15	1099.261	10824.14	7407.52	1249.48	5423.2	14937.14	4567.41	5193.4	1297.44	31916.8	6860.68	6203.47	2652.25	418.79	944.55	15228.83
30-Dec-05	4763.367	16111.43	1161.057	11272.26	7583.93	1248.29	5618.8	14876.43	4715.23	5408.26	1379.37	33455.9	7363.96	6548.34	2836.55	436.78	1011	16438.05
31-Jan-06	4929.559	16649.82	1258.046	11945.64	7810.88	1280.09	5760.3	15753.14	4947.99	5674.15	1399.83	38382.8	7562.37	6532.18	3001.1	450.5	1171.44	17886.18
28-Feb-06	4921.347	16205.43	1299.03	11688.34	7892.63	1280.66	5791.5	15918.48	5000.45	5796.04	1371.59	38610.4	7928.3	6561.63	3074.7	458.72	1320.83	17125.19
31-Mar-06	5129.708	17059.66	1298.295	12110.61	8023.3	1294.83	5964.6	15805.04	5220.85	5970.08	1359.6	37952	8066.1	6613.97	3402.55	468.69	1299.19	18314.78
28-Apr-06	5258.803	16906.23	1440.223	12204.17	8047.29	1310.61	6023.1	16661.3	5188.4	6009.89	1419.73	40363.4	7930.99	7171.77	3557.6	469.4	1486.85	19074.99
31-May-06	5001.671	15467.33	1641.3	11744.52	7604.4	1270.09	5723.8	15857.89	4930.18	5692.86	1317.7	36530	7605.86	6846.95	3071.05	440.41	1281.5	18660.12
30-Jun-06	5073.883	15505.18	1672.211	11612.87	7652.1	1270.2	5833.4	16267.62	4965.96	5683.31	1295.15	36630.7	7516.28	6704.41	3128.2	440.25	1331.39	19538.32
31-Jul-06	4985.998	15456.81	1612.733	11830.96	7941.83	1276.66	5928.3	16971.34	5009.42	5681.97	1297.82	37077.1	7507.18	6454.58	3143.2	454.06	1380.24	19127.38
31-Aug-06	5115.439	16140.76	1658.638	12073.75	8167.96	1303.82	5906.1	17392.27	5165.04	5859.57	1352.74	36232.2	8045.05	6611.77	3413.9	469.01	1448.72	20093.68
29-Sep-06	5154.078	16127.58	1752.424	11761.27	8425.91	1335.85	5960.8	17543.05	5250.01	6004.33	1371.41	36449.4	8223.84	6883.05	3588.4	483.62	1367.24	20495.74
31-Oct-06	5384.382	16399.39	1837.993	12344.59	8569.72	1377.94	6129.2	18324.35	5348.73	6268.92	1364.55	39262.8	8621.33	7021.32	3744.1	486.57	1426.86	21298.54
30-Nov-06	5482.058	16274.33	2099.289	12752.38	8484.57	1400.63	6048.8	18960.48	5327.64	6309.19	1432.21	41931.8	8694.33	7567.72	3954.5	477.67	1550.58	21758.65
29-Dec-06	5669.867	17225.83	2675.474	12908.39	8785.74	1418.3	6220.8	19964.72	5541.76	6596.92	1434.46	44473.7	9408.12	7823.72	3966.4	495.34	1693.47	22607.16
31-Jan-07	5773.385	17383.42	2786.335	13034.12	9135.11	1438.24	6203.1	20106.42	5608.31	6789.11	1360.23	44641.6	9205.16	7699.64	4082.7	499.81	1656.94	22941.71
28-Feb-07	5832.53	17604.12	2881.073	13045.02	8789.7	1406.82	6171.5	19651.51	5516.32	6715.44	1417.34	43892.3	9408.68	7901.96	3745.3	490.21	1655.25	23176.03
30-Mar-07	5995.049	17287.65	3183.983	13165.5	8976.99	1420.86	6308	19800.93	5634.16	6917.03	1452.55	45804.7	9375.3	7884.41	3821.55	510.5	1698.08	24590.2
30-Apr-07	6166.017	17400.41	3841.272	13416.68	9428.27	1482.37	6449.2	20318.98	5960.04	7408.87	1542.24	48956.4	9470.48	7875.42	4087.9	530.81	1697.28	25231.65
31-May-07	6313.496	17875.75	4109.654	14056.78	9450.85	1530.62	6621.4	20634.47	6104	7883.04	1700.91	52268.5	9854.86	8144.95	4295.8	540.39	1570.34	25701.4
29-Jun-07	6274.932	18138.36	3820.703	13906.57	9209.36	1503.35	6607.9	21772.73	6054.93	8007.32	1743.6	54392.1	9306.25	8883.21	4318.3	548.21	1665.96	25564.57
31-Jul-07	6144.166	17248.89	4471.032	13868.63	8885.04	1455.28	6360.1	23184.94	5751.08	7584.14	1933.27	54182.5	8563.39	9287.25	4528.85	533.99	1734.42	25846.41
31-Aug-07	6247.202	16569.09	5218.825	13660.48	8881.46	1473.99	6303.3	23984.14	5662.7	7638.17	1873.24	54637.2	8400.93	8982.16	4464	522.73	1677.02	25983.13
28-Sep-07	6567.75	16785.69	5552.301	14098.89	8933.48	1526.75	6466.8	27142.47	5715.69	7861.51	1946.48	60465.1	7883.67	9476.52	5021.35	540.98	1759.44	27267.58
31-Oct-07	6754.145	16737.63	5954.765	14625	9019.57	1549.38	6721.6	31352.58	5847.95	8019.22	2064.85	65317.7	7911.12	9711.37	5900.65	547.85	1874.73	28477.05
30-Nov-07	6533.149	15680.67	4871.778	13689.12	8828.36	1481.14	6432.5	28643.61	5670.57	7870.52	1906	63006.2	7207.05	8586.4	5762.75	507.58	1850.64	27629.35
31-Dec-07	6339.836	15307.78	5261.563	13833.06	8484.46	1468.36	6456.9	27812.65	5614.08	8067.32	1897.13	63886.1	6934.35	8506.28	6138.6	515.77	1888.86	26250.29
31-Jan-08	5650.265	13592.47	4383.393	13155.1	7670.44	1378.55	5879.8	23455.74	4869.79	6851.75	1624.68	59490.4	6664.48	7521.13	5137.45	441.33	1574.33	25117.79
29-Feb-08	5572.088	13603.02	4348.543	13582.69	7533.86	1330.63	5884.3	24331.67	4790.66	6748.13	1711.62	63489.3	6415.12	8412.76	5223.5	446.53	1660.42	28347.86
31-Mar-08	5355.686	12525.54	3472.713	13350.13	7224.31	1322.7	5702.1	22849.2	4707.07	6534.97	1703.99	60968.1	6177.05	8572.59	4734.5	442.43	1628.43	27409.99
30-Apr-08	5595.406	13849.99	3693.106	13937.04	7529	1385.59	6087.3	25755.35	4996.54	6948.82	1825.47	67868.5	6338.52	8919.92	5165.9	475.56	1667.35	28675.37
30-May-08	5654.704	14338.54	3433.354	14714.73	7511.29	1400.38	6053.5	24533.12	5014.28	7096.79	1852.02	72592.5	6105.87	8619.08	4870.1	485.52	1925.24	29939.96
30-Jun-08	5215.307	13481.38	2736.103	14467.03	6958.51	1280	5625.9	22102.01	4434.85	6418.32	1674.92	65017.6	5209.57	7523.54	4040.55	425.93	1753.67	28708.09
31-Jul-08	4977.367	13376.81	2775.717	13592.91	7141.21	1267.38	5411.9	22731.1	4392.36	6479.56	1594.67	59505.2	4371.62	7024.06	4332.95	399.95	1495.33	25779.21
29-Aug-08	5135.574	13072.87	2397.369	13771.25	7238.74	1282.83	5636.6	21261.89	4482.6	6422.3	1474.24	55680.4	4494.92	7046.11	4360	412.84	1348.92	25556.75
30-Sep-08	4600.52	11259.86	2293.784	11752.9	6654.89	1166.36	4902.45	18016.21	4032.1	5831.02	1448.06	49541.3	3550.63	5719.28	3921.2	331.45	1027.66	21746.97
31-Oct-08	4017.96	8576.98	1728.786	9762.76	6153.21	968.75	4377.34	13968.67	3487.07	4987.97	1113.06	37256.8	3029.46	4870.66	2885.6	267.69	731.96	19080.13
28-Nov-08	3742.517	8512.27	1871.156	9270.62	5816.6	896.24	4288.01	13888.24	3262.68	4669.44	1076.07	36595.9	2538.49	4460.49	2755.1	252.55	611.32	19346.28
31-Dec-08	3722.31	8859.56	1820.805	8987.7	5534.53	903.25	4434.17	14387.48	3217.97	4810.2	1124.47	37550.3	2343.27	4591.22	2959.15	245.94	619.53	19444.4
30-Jan-09	3540.712	7994.05	1990.657	8694.9	5290.05	825.88	4149.64	13278.21	2973.92	4338.35	1162.11	39300.8	2311.39	4247.97	2874.8	248.6	624.9	18519.77
27-Feb-09	3344.513	7568.42	2082.852	8123.02	4690.67	735.09	3830.09	12811.57	2702.48	3843.74	1063.03	38183.3	2074.32	4557.15	2763.65	219.81	666.05	16514.3
31-Mar-09	3582.146	8109.53	2373.213	8720.39	4927.43	797.87	3926.14	13576.02	2807.34	4084.76	1206.26	40925.9	2193.95	5210.84	3020.95	216.98	772.93	18441.62
30-Apr-09	3780.459	8828.26	2477.569	9324.83	5225.92	872.81	4243.71	15520.99	3159.85	4769.45	1369.36	47289.5	2622.05	5992.57	3473.95	240.76	920.35	18514.32
29-May-09	3817.966	9522.5	2632.93	10370.07	5349.74	919.14	4417.94	18171	3277.65	4940.82	1395.89	53197.7	2722.52	6890.44	4448.95	259.45	1123.38	20605.38
30-Jun-09	3954.892	9958.44	2959.362	10374.91	5403.97	919.32	4249.21	18378.73	3140.44	4808.64	1390.07	51465.5	2706.08	6432.16	4291.1	254.71	971.55	19819.52
31-Jul-09	4243.979	10356.83	3412.062	10787.15	5950.69	987.48	4608.36	20573.33	3426.27	5332.14	1557.29	54765.7	2791.1	7077.71	4636.45	283.17	1053.3	21855.8
31-Aug-09	4479.134	10492.53	2667.745	10868.21	6217.12	1020.63	4908.9	19724.19	3653.54	5464.61	1591.85	56489	3096.16	6825.95	4662.1	296.27	1091.98	22388.89
30-Sep-09	4743.639	10133.23	2779.426	11394.96	6323.18	1057.08	5133.9	20955.25	3795.41	5675.16	1673.14	61517.9	3347.33	7509.17	5083.95	311.35	1197.2	22284.39
30-Oct-09	4643.231	10034.74	2995.848	10910.75	6285.76	1036.2	5044.55	21752.87	3607.69	5414.96	1580.69	61545.5	2866.69	7340.08	4711.7	302.36	1237.18	23655.66
30-Nov-09	4701.35	9345.55	3195.301	11447.2	6260.95	1095.63	5190.68	21821.5	3680.15	5625.95	1555.6	67044.4	2807.59	7582.21	5032.7	305.9	1284.95	24357.77
31-Dec-09	4870.642	10546.44	3277.139	11746.11	6545.91	1115.1	5412.88	21872.5	3936.33	5957.43	1682.77	68588.4	2974.93	8188.11	5201.05	335.33	1370.01	24996.97
29-Jan-10	4569.619	10198.04	2989.292	11094.31	6440.72	1073.87	5188.52	20121.99	3739.46	5608.79	1602.43	65401.8	2976.25	7640.44	4882.05	327.9	1419.42	24041.26
26-Feb-10	4637.717	10126.03	3051.943	11629.63	6710.99	1104.49	5354.52	20608.7	3708.8	5598.46	1594.58	66503.3	2873.6	7436.1	4922.3	317.74	1332.64	23994.59
31-Mar-10	4875.516	11089.94	3109.105	12037.73	6873.37	1169.43	5679.64	21239.35	3974.01	6153.55	1692.85	70371.5	3177.77	7920.06	5249.1	344.22	1450.15	25833.44
30-Apr-10	4807.368	11057.4	2870.611	12210.7	6616.82	1186.69	5553.29	21108.59	3816.99	6135.7	1741.56	67529.7	3397	8004.25	5278	345.91	1436.04	25629.93
31-May-10	4429.674	9768.7	2592.147	11762.99	6312.6	1089.41	5188.43	19765.19	3507.56	5964.33	1641.25	63046.5	2947.7	7373.98	5086.3	320.7	1332.62	24157.99
30-Jun-10	4301.505	9382.64	2398.37	11294.42	6128.06	1030.71	4916.87	20128.99	3442.89	5965.52	1698.29	60935.9	2878.67	7329.37	5312.5	316.81	1309.31	23294.83
30-Jul-10	4493.48	9537.3	2637.502	11713.43	6200.78	1101.6	5258.02	21029.81	3643.14	6147.97	1759.33	67515.4	2915.36	7760.63	5367.6	330.64	1397.12	25224.6
31-Aug-10	4404.232	8824.06	2638.798	11913.86	6180.89	1049.33	5225.22	20536.49	3490.79	5925.22	1742.75	65145.4	2703.86	7616.28	5402.4	316.47	1368.9	24127.05
30-Sep-10	4582.909	9369.35	2655.658	12368.65	6296.33	1141.2	5548.62	22358.17	3715.18	6229.02	1872.81	69429.8	2676.18	8237.78	6029.95	334.39	1440.3	26154.31
29-Oct-10	4661.595	9202.45	2978.835	12676.24	6472.23	1183.26	5675.16	23096.32	3833.5	6601.37	1882.95	70673.3	2684.25	8287.09	6017.7	337.23	1523.39	27053.68
30-Nov-10	4584.427	9937.04	2820.181	12952.88	6312.43	1180.55	5528.27	23007.99	3610.44	6688.49	1904.63	67705.4	2646	8372.48	5862.7	327.41	1565.52	26844.52
31-Dec-10	4745.24	10228.92	2808.077	13443.22	6436.04	1257.64	5899.94	23035.45	3804.78	6914.19	2051	69304.8	2885.1	8972.5	6134.5	354.57	1687.99	28639.4
31-Jan-11	4753.918	10237.92	2790.694	13551.99	6479.15	1286.12	5862.94	23447.34	4005.5	7077.48	2069.73	66574.9	2852.81	9145.35	5505.9	360.75	1723.42	28145.34
28-Feb-11	4831.659	10624.09	2905.053	14136.5	6610.44	1327.22	5994.01	23338.02	4110.35	7272.32	1939.3	67383.2	2976.54	8599.65	5333.25	369.13	1777.84	29077.83
31-Mar-11	4837.884	9755.1	2928.111	14116.1	6357.55	1325.83	5908.76	23527.52	3989.18	7041.31	2106.7	68586.7	2874.71	8683.3	5833.75	365.62	1813.59	29037.48
29-Apr-11	4823.241	9849.74	2911.511	13944.79	6539.7	1363.61	6069.9	23720.81	4106.92	7514.46	2192.36	66132.9	3005.17	9007.87	5749.5	359.94	1741.84	29564.28
31-May-11	4708.298	9693.73	2743.472	13802.88	6554.71	1345.2	5989.99	23684.13	4006.94	7293.69	2142.47	64620.1	2969.57	8988.84	5560.15	349.44	1666.3	29274.06
30-Jun-11	4607.966	9816.09	2762.076	13300.87	6187.07	1320.64	5945.71	22398.1	3982.21	7376.24	2100.69	62403.6	2953.29	8652.59	5647.4	339.65	1666.59	28551.82
29-Jul-11	4424.646	9833.03	2701.729	12945.63	5783.35	1292.28	5815.19	22440.25	3671.28	7158.77	2133.21	58823.4	2821.28	8644.18	5482	329.17	1705.18	27857.91
31-Aug-11	4296.548	8955.2	2567.34	12768.7	5528.52	1218.89	5394.53	20534.85	3256.76	5784.85	1880.11	56495.1	2576.81	7741.36	5001	292.93	1546.05	27682.28
30-Sep-11	4008.599	8700.29	2359.22	11623.84	5531.74	1131.42	5128.48	17592.41	2981.96	5502.02	1769.65	52324.4	2503.19	7225.38	4943.25	280.18	1366.54	26375.82
31-Oct-11	4298.117	8988.39	2468.25	12252.06	5731.27	1253.3	5544.22	19864.87	3242.84	6141.34	1909.03	58338.4	2724.66	7587.69	5326.6	307.5	1498.6	29019.06
30-Nov-11	4119.818	8434.61	2333.414	12204.11	5652.31	1246.96	5505.42	17989.35	3154.62	6088.84	1847.51	56875	2749.05	6904.12	4832.05	299.68	1499.62	29429.88
30-Dec-11	4056.56	8455.35	2199.417	11955.09	5936.23	1257.61	5572.28	18434.39	3159.81	5898.35	1825.74	56754.1	2901.82	7072.08	4624.3	312.47	1402.23	28469.81
31-Jan-12	4262.682	8802.51	2292.61	12452.15	5970.49	1312.41	5681.61	20390.49	3298.55	6458.91	1955.79	63072.3	3007.79	7517.08	5199.25	318.47	1514.03	30176.19
29-Feb-12	4298.549	9723.24	2428.487	12644.01	6109.93	1365.68	5871.51	21680.08	3452.45	6856.08	2030.25	65811.7	3208.32	8121.44	5385.2	324.25	1597.67	30546.69
30-Mar-12	4335.242	10083.56	2262.789	12392.18	6235.51	1408.47	5768.45	20555.58	3423.81	6946.83	2014.04	64511	3254.81	7933	5295.55	323.51	1517.34	29603.42
30-Apr-12	4396.578	9520.89	2396.316	12292.69	6096.34	1397.91	5737.78	21094.21	3212.8	6761.19	1981.99	61820.3	3224.45	7501.72	5248.15	308.3	1473.5	30364.59
31-May-12	4076.258	8542.73	2372.234	11513.21	5850.18	1310.33	5320.86	18629.52	3017.01	6264.38	1843.47	54490.4	3077.03	7301.5	4924.25	290.09	1305.84	29201.9
29-Jun-12	4094.633	9006.78	2225.431	11596.56	6066.86	1362.16	5571.15	19441.46	3196.65	6416.28	1854.01	54354.6	3148.62	7296.28	5278.9	307.31	1387.52	29638.01
31-Jul-12	4269.153	8695.06	2103.635	11664.71	6399.27	1379.32	5635.28	19796.81	3291.66	6772.26	1881.99	56097.1	3169.25	7270.49	5229	326.47	1407.02	30386.61
31-Aug-12	4316.114	8839.91	2047.522	11949.26	6388.01	1406.58	5711.48	19482.57	3413.07	6970.79	1905.12	57061.4	3160.79	7397.06	5258.5	329.28	1422.91	31172.74
28-Sep-12	4387.018	8870.16	2086.169	12317.46	6495.88	1440.67	5742.07	20840.38	3354.82	7216.15	1996.21	59175.9	3278.28	7715.16	5703.3	323.18	1458.26	31518.32
31-Oct-12	4516.998	8928.29	2068.88	12422.91	6595.13	1412.16	5782.7	21641.82	3429.27	7260.63	1912.06	57068.2	3248.49	7166.05	5619.7	330.76	1425.7	33008.2
30-Nov-12	4506.036	9446.01	1980.117	12239.36	6820.6	1416.18	5866.82	22030.39	3557.28	7405.5	1932.9	57474.6	3290.27	7580.17	5879.85	336.55	1405.97	33872.69
31-Dec-12	4648.95	10395.18	2269.128	12433.53	6822.44	1426.19	5897.81	22656.92	3641.07	7612.39	1997.05	60952.1	3396.67	7699.5	5905.1	342.71	1474.72	34795.5
31-Jan-13	4878.781	11138.66	2385.422	12685.2	7390.86	1498.11	6276.88	23729.53	3732.6	7776.05	1961.94	59761.5	3546.33	7850.02	6034.75	354.35	1546.76	36103.45
28-Feb-13	5104.08	11559.36	2365.593	12821.83	7593.67	1514.68	6360.81	23020.27	3723	7741.7	2026.49	57424.3	3756.77	7897.98	5693.05	340.53	1486.04	35254.76
29-Mar-13	4966.499	12397.91	2236.621	12749.9	7813.67	1569.19	6411.74	22299.63	3731.42	7795.31	2004.89	56352.1	3958.27	7918.61	5682.55	348.1	1438.57	35259.1
30-Apr-13	5191.219	13860.86	2177.912	12456.5	7906.21	1597.57	6430.12	22737.01	3856.75	7913.71	1963.95	55910.4	3858.22	8093.66	5930.2	351.39	1385.88	34068
31-May-13	4926.569	13774.54	2300.595	12650.42	7947.01	1630.74	6583.09	22392.16	3948.59	8348.84	2001.05	53506.1	4012.9	8254.8	5985.95	363.38	1350.17	37599.86
28-Jun-13	4802.591	13677.32	1979.206	12129.11	7683.04	1606.28	6215.47	20803.29	3738.91	7959.22	1863.32	47457.1	3963.33	8062.21	5842.2	344.59	1330.46	35051.49
31-Jul-13	5051.978	13668.32	1993.799	12486.64	7820.43	1685.73	6621.06	21883.66	3992.69	8275.97	1914.03	48234.5	4104.87	8107.94	5742	369.81	1375.79	36843.05
30-Aug-13	5134.957	13388.86	2098.382	12653.9	7745.97	1632.97	6412.93	21731.37	3933.78	8103.15	1926.36	50011.8	4190.17	8021.89	5471.8	362.93	1364.65	37863.93
30-Sep-13	5218.877	14455.8	2174.665	12787.19	8022.6	1681.55	6462.22	22859.86	4143.44	8594.4	1996.96	52338.2	4238.28	8173.87	5735.3	374.92	1462.82	39449.84
31-Oct-13	5425.497	14327.94	2141.614	13361.26	8234.29	1756.54	6731.43	23206.37	4299.89	9033.92	2030.09	54256.2	4405.9	8450.06	6299.15	391.92	1510.21	40658.55
29-Nov-13	5320.05	15661.87	2220.504	13395.4	8264.2	1805.81	6650.57	23881.29	4295.21	9405.3	2044.87	52482.5	4509.92	8406.83	6176.1	396.55	1479.35	40169.32
31-Dec-13	5352.214	16291.31	2115.978	13621.55	8202.98	1848.36	6749.09	23306.39	4295.95	9552.16	2011.34	51507.2	4539.43	8611.51	6304	401.79	1504.08	41482.39
31-Jan-14	5190.003	14914.53	2033.083	13694.94	8191.33	1782.59	6510.44	22035.42	4165.72	9306.48	1941.15	47639	4652.3	8462.57	6089.5	386.85	1454.45	40586.73
28-Feb-14	5404.822	14841.07	2056.302	14209.59	8475.33	1859.45	6809.7	22836.96	4408.08	9692.08	1979.99	47094.4	5195.97	8639.58	6276.95	398.54	1444.71	42771.61
31-Mar-14	5394.831	14827.83	2033.306	14335.31	8453.82	1872.34	6598.37	22151.06	4391.5	9555.91	1985.61	50414.9	4995.39	8849.28	6704.2	403.21	1369.29	42996.63
30-Apr-14	5489.074	14304.11	2026.358	14651.87	8476.66	1883.95	6780.03	22133.97	4487.39	9603.23	1961.79	51626.7	4897.03	8791.44	6696.4	400.55	1306.01	43804.68
30-May-14	5492.546	14632.38	2039.213	14604.16	8674.52	1923.57	6844.51	23081.65	4519.57	9943.27	1994.96	51239.3	4898.77	9075.91	7229.95	407.21	1432.03	44641.55
30-Jun-14	5395.747	15162.1	2048.327	15146.01	8554.52	1960.23	6743.94	23190.72	4422.84	9833.07	2002.21	53168.2	4699.94	9393.07	7611.35	413.15	1476.38	45969.81
31-Jul-14	5632.914	15620.77	2201.562	15330.74	8410.27	1930.67	6730.11	24756.85	4246.14	9407.48	2076.12	55829.4	4647.79	9315.85	7721.3	404.29	1379.61	46222.43
29-Aug-14	5625.895	15424.59	2217.2	15625.73	8658.97	2003.37	6819.75	24742.06	4381.04	9470.17	2068.54	61288.1	4783.13	9436.27	7954.35	413.13	1400.71	45630.44
30-Sep-14	5292.812	16173.52	2363.87	14960.51	8835.14	1972.29	6622.72	22932.98	4416.24	9474.3	2020.09	54116	4874.68	8966.92	7964.8	421.14	1411.07	44160.31
31-Oct-14	5526.602	16413.76	2420.178	14613.32	8837.78	2018.05	6546.47	23998.06	4233.09	9326.87	1964.43	54628.6	4763.13	8974.76	8322.2	411.32	1488.47	44384.99
28-Nov-14	5313	17459.85	2682.835	14744.7	9150.46	2067.56	6722.62	23987.45	4390.18	9980.85	1980.78	54724	5071.58	9187.15	8588.25	425.86	1533.68	44205.76
31-Dec-14	5411.018	17450.77	3234.678	14632.44	8983.37	2058.9	6566.09	23605.04	4272.75	9805.55	1915.59	50007.4	5224.56	9307.26	8282.7	424.47	1396.61	43969.96
30-Jan-15	5588.321	17674.39	3210.363	14673.48	8385.13	1994.99	6749.4	24507.05	4604.25	10694.32	1949.26	46907.7	5471.52	9361.91	8808.9	450.39	1647.69	45111.03
27-Feb-15	5928.767	18797.94	3310.303	15234.34	9014.53	2104.5	6946.66	24823.29	4951.48	11401.66	1985.8	51583.1	5977.03	9622.1	8901.85	483.93	1758.97	47161.83
31-Mar-15	5891.505	19206.99	3747.899	14902.44	9128.98	2067.89	6773.04	24900.89	5033.64	11966.17	2041.03	51150.2	6019.49	9586.44	8491	489.41	1626.18	46016.98
30-Apr-15	5789.983	19520.01	4441.655	15224.52	9077.12	2085.51	6960.63	28133	5046.49	11454.38	2127.17	56229.4	6047.15	9820.05	8181.5	487.85	1688.34	48195.48
29-May-15	5777.16	20563.15	4611.744	15014.09	9237.79	2107.39	6984.43	27424.19	5007.89	11413.82	2114.8	52760.5	6274.6	9701.07	8433.65	493.56	1609.19	46285.65
30-Jun-15	5459.01	20235.73	4277.222	14553.33	8780.91	2063.11	6520.98	26250.03	4790.2	10944.97	2074.2	53080.9	6165.04	9323.02	8368.5	472.58	1654.55	46141.59
31-Jul-15	5699.164	20585.24	3663.725	14468.44	9428.17	2103.84	6696.28	24636.28	5082.61	11308.99	2030.16	50864.8	6512.77	8665.34	8532.85	495.23	1669	46557.26
31-Aug-15	5206.976	18890.48	3205.986	13859.12	8824.56	1972.18	6247.94	21670.58	4652.95	10259.46	1941.49	46625.5	6405.97	8174.92	7971.3	445.03	1733.17	44350.11
30-Sep-15	5021.629	17388.15	3052.782	13306.96	8513.41	1920.03	6061.61	20846.3	4455.29	9660.44	1962.81	45059.3	6167.41	8181.24	7948.9	421.14	1642.97	44881.18
30-Oct-15	5239.439	19083.1	3382.561	13529.17	8938.65	2079.36	6361.09	22640.04	4897.66	10850.14	2029.47	45868.8	6428.55	8554.31	8065.8	462.12	1711.53	48317.45
30-Nov-15	5166.518	19747.47	3445.405	13469.83	8993.1	2080.41	6356.09	21996.42	4957.6	11382.23	1991.97	45120.4	6838.48	8320.61	7935.25	469.52	1771.05	46329.56
31-Dec-15	5295.859	19033.71	3539.182	13009.95	8818.09	2043.94	6242.32	21914.4	4637.06	10743.01	1961.31	43350	6791.68	8338.06	7946.35	441.82	1761.36	45797.3
29-Jan-16	5005.524	17518.3	2737.6	12822.13	8319.81	1940.24	6083.79	19683.11	4417.02	9798.11	1912.06	40406	6343.24	8145.21	7563.55	431.28	1784.92	44065.55
29-Feb-16	4880.926	16026.76	2687.979	12860.35	7843.63	1932.23	6097.09	19111.93	4353.55	9495.4	1916.66	42793.9	6344.11	8411.16	6987.05	427.27	1840.17	43802.56
31-Mar-16	5082.785	16758.67	3003.915	13494.36	7807.89	2059.74	6174.9	20776.7	4385.06	9965.51	1995.85	50055.3	6308.92	8744.83	7738.4	440.11	1871.15	46139.99
29-Apr-16	5252.217	16666.05	2938.324	13951.45	7960.85	2065.3	6241.89	21067.05	4428.96	10038.97	1994.15	53910.5	6161.41	8377.9	7849.8	439.68	1953.05	46471
31-May-16	5378.56	17234.98	2916.616	14065.78	8216.42	2096.96	6230.79	20815.09	4505.62	10262.74	1983.4	48471.7	6493.46	8535.59	8160.1	447.87	1899.01	47974.09
30-Jun-16	5233.375	15575.92	2929.606	14064.54	8020.15	2098.86	6504.33	20794.37	4237.48	9680.09	1970.35	51526.9	5642.49	8666.58	8287.75	435.88	1891.09	45974.31
29-Jul-16	5562.358	16569.27	2979.339	14582.74	8127.2	2173.6	6724.43	21891.37	4439.81	10337.5	2016.19	57308.2	5867.64	8984.41	8638.5	449.83	1944.62	45916.48
31-Aug-16	5433.033	16887.4	3085.491	14597.95	8202.13	2170.95	6781.51	22976.88	4438.22	10592.69	2034.65	57901.1	6170.42	9068.85	8786.2	454.38	1971.59	46261.02
30-Sep-16	5435.921	16449.84	3004.703	14725.86	8139.01	2168.27	6899.33	23297.15	4448.26	10511.02	2043.63	58367	6034.83	9166.85	8611.15	452.33	1978	45425.59
31-Oct-16	5317.732	17425.02	3100.492	14787.27	7827.74	2126.15	6954.22	22934.54	4509.26	10665.01	2008.19	64924.5	5912.77	9290.12	8625.7	452.59	1989.64	44019.39
30-Nov-16	5440.472	18308.48	3250.035	15082.85	7875.19	2198.81	6783.79	22789.77	4578.34	10640.3	1983.48	61906.4	6215.8	9240.71	8224.5	457.21	2104.91	43691.42
30-Dec-16	5665.791	19114.37	3103.637	15287.59	8219.87	2238.83	7142.83	22000.56	4862.31	11481.06	2026.46	60227.3	6517.24	9253.5	8185.8	483.17	2232.72	43901.99
31-Jan-17	5620.911	19041.34	3159.166	15385.96	8291.69	2278.87	7099.15	23360.78	4748.9	11535.31	2067.57	64670.8	6392.39	9447.95	8561.3	476.71	2217.39	45928.7
28-Feb-17	5712.221	19118.99	3241.733	15399.24	8545.81	2363.64	7263.44	23740.73	4858.58	11834.41	2091.64	66662.1	6546.57	9750.47	8879.6	495.35	2035.77	44131.37
31-Mar-17	5864.905	18909.26	3222.514	15547.75	8658.89	2362.72	7322.92	24111.59	5122.51	12312.87	2160.23	64984.1	6658.58	9811.52	9173.75	516.54	1995.9	45167.15
28-Apr-17	5924.064	19196.74	3154.658	15586.13	8812.67	2384.2	7203.94	24615.13	5267.33	12438.01	2205.44	65403.2	6860.78	9872	9304.05	521.13	2016.71	47071.73
31-May-17	5724.572	19650.57	3117.178	15349.91	9016.64	2411.8	7519.95	25660.65	5283.63	12615.06	2347.38	62711.5	6946.59	10040.72	9621.25	524.07	1900.38	47153.91
30-Jun-17	5721.494	20033.43	3192.427	15182.19	8906.89	2423.41	7312.72	25764.58	5120.68	12325.12	2391.79	62900	6827.62	10395.07	9520.9	507.15	1879.5	45421.76
31-Jul-17	5720.591	19925.18	3273.028	15143.87	9055	2470.3	7372	27323.99	5093.77	12118.25	2402.71	65920.4	6649.39	10427.33	10077.1	525.44	1919.53	48873.13
31-Aug-17	5714.522	19646.24	3360.81	15211.87	8925.45	2471.65	7430.62	27970.3	5085.59	12055.84	2363.19	70835.1	6621.19	10585.78	9917.9	516.04	2022.22	49997.27
29-Sep-17	5681.61	20356.28	3348.943	15634.94	9157.46	2519.36	7372.76	27554.3	5329.81	12828.86	2394.47	74293.5	6881.75	10383.94	9788.6	537.06	2077.19	49376.46
31-Oct-17	5909.017	22011.61	3393.342	16025.59	9242.18	2575.26	7493.08	28245.54	5503.29	13229.57	2523.43	74308.5	6972.73	10793.8	10335.3	553.38	2064.31	52570.2
30-Nov-17	5969.892	22724.96	3317.188	16067.48	9318.77	2647.58	7326.67	29177.35	5372.79	13023.98	2476.37	71971	6867.67	10560.44	10226.55	540.11	2100.62	53269.83
29-Dec-17	6065.129	22764.94	3307.172	16209.13	9381.87	2673.61	7687.77	29919.15	5312.56	12917.64	2467.49	76402.1	7038.28	10642.86	10530.7	544.58	2109.74	52533.04
31-Jan-18	6037.683	23098.29	3480.833	15951.67	9335.4	2823.81	7533.55	32887.27	5481.93	13189.48	2566.46	84912.7	6961.64	11103.79	11027.7	560.52	2289.99	52614.65
28-Feb-18	6015.959	22068.24	3259.408	15442.68	8906.38	2713.83	7231.91	30844.72	5320.49	12435.85	2427.36	85353.6	6683.39	10815.47	10492.85	535.58	2296.8	51383.45
30-Mar-18	5759.365	21454.3	3168.896	15367.29	8740.97	2640.87	7056.61	30093.38	5167.3	12096.73	2445.85	85365.6	6593.65	10919.49	10113.7	529.52	2270.98	48794.5
30-Apr-18	5982.732	22467.87	3082.232	15607.88	8886.26	2648.05	7509.3	30808.45	5520.5	12612.11	2515.38	86115.5	6805.19	10657.88	10739.35	555.73	2307.02	51402.31
31-May-18	6011.883	22201.82	3095.474	16061.5	8456.95	2705.27	7678.2	30468.56	5398.4	12604.89	2423.01	76753.6	7140.86	10874.96	10736.15	552.85	2302.88	49783.92
29-Jun-18	6194.633	22304.51	2847.418	16277.73	8609.3	2718.37	7636.93	28955.11	5323.53	12306	2326.13	72762.5	6982.83	10836.91	10714.3	551.68	2295.95	51516.06
31-Jul-18	6280.201	22553.72	2876.401	16434.01	9174.33	2816.29	7748.76	28583.01	5511.3	12805.5	2295.26	79220.4	6831.98	11057.51	11356.5	574.25	2321.11	51315
31-Aug-18	6319.498	22865.15	2725.25	16262.88	8973.56	2901.52	7432.42	27888.55	5406.85	12364.06	2322.88	76677.5	6773.91	11063.94	11680.5	558.42	2345.85	52464.01
28-Sep-18	6207.561	24120.04	2821.35	16073.14	9087.99	2913.98	7510.2	27788.52	5493.49	12246.73	2343.07	79342.4	6522.36	11006.34	10930.45	549.62	2475.36	49520.66
31-Oct-18	5830.307	21920.46	2602.783	15027.28	9022.16	2711.74	7128.1	24979.69	5093.44	11447.51	2029.69	87423.6	6147.61	9802.13	10386.6	518.71	2352.71	46141.22
30-Nov-18	5667.157	22351.06	2588.188	15197.82	9037.76	2760.17	6980.24	26506.75	5003.92	11257.24	2096.86	89504	5818.65	9888.03	10876.75	519.37	2392.5	44656.89
31-Dec-18	5646.4	20014.77	2493.896	14322.86	8429.3	2506.85	6728.13	25845.7	4730.69	10558.96	2041.04	87887.3	5479.81	9727.41	10862.55	487.88	2369.33	46726.59
31-Jan-19	5864.654	20773.49	2584.573	15540.6	8969.27	2704.1	6968.85	27942.47	4992.72	11173.1	2204.85	97393.7	5767.68	9932.26	10830.95	520.63	2521.1	47955.98
28-Feb-19	6168.992	21385.16	2940.954	15999.01	9388.94	2784.49	7074.73	28633.18	5240.53	11515.64	2195.44	95584.4	6115.6	10389.17	10792.5	541.05	2485.27	49667.1
29-Mar-19	6180.731	21205.81	3090.758	16102.09	9477.84	2834.4	7279.19	29051.36	5350.53	11526.04	2140.67	95414.6	6138.66	10641.04	11623.9	548.98	2497.1	50273.93
30-Apr-19	6325.466	22258.73	3078.339	16580.73	9769.74	2945.83	7418.22	29699.11	5586.41	12344.08	2203.59	96353.3	6455.24	10967.73	11748.15	571.6	2559.32	52274.03
31-May-19	6396.853	20601.19	2898.696	16037.49	9523.98	2752.06	7161.71	26901.09	5207.63	11726.84	2041.74	97030.3	6079.63	10498.49	11922.8	540.49	2665.33	49587.47
28-Jun-19	6618.772	21275.92	2978.878	16382.2	9898.24	2941.76	7425.63	28542.62	5538.97	12398.8	2130.62	100967.2	6152.63	10730.83	11788.85	561.76	2765.85	52198.94
31-Jul-19	6812.56	21521.53	2932.506	16406.56	9919.27	2980.38	7586.78	27777.75	5518.9	12189.04	2024.55	101812.1	6111.13	10823.81	11118	572.09	2739.5	50798.7
30-Aug-19	6604.215	20704.37	2886.237	16442.07	9895.65	2926.46	7207.18	25724.73	5480.48	11939.28	1967.79	101134.6	5879.42	10618.05	11023.25	558.35	2740.04	49320.23
30-Sep-19	6688.348	21755.84	2905.189	16658.63	10078.32	2976.74	7408.21	26092.27	5677.79	12428.08	2063.05	104745.3	6244.37	10829.68	11474.45	580.23	2747.18	48813.59
31-Oct-19	6663.374	22927.04	2929.056	16483.16	10219.82	3037.56	7248.38	26906.72	5729.86	12866.79	2083.48	107219.8	6540.3	11358.71	11877.45	576.63	2893.98	50168.48
29-Nov-19	6845.996	23293.91	2871.981	17040.2	10493.24	3140.98	7346.53	26346.49	5905.17	13236.38	2087.96	108233.3	6998.06	11489.57	12056.05	597.29	2935.37	49093.16
31-Dec-19	6684.075	23656.62	3050.124	17063.43	10616.94	3230.78	7542.44	28189.75	5978.06	13249.01	2197.67	115645.3	7183.41	11997.14	12168.45	604.58	3045.87	50816.05
31-Jan-20	7017.222	23205.18	2976.528	17318.49	10627.88	3225.52	7286.01	26312.63	5806.34	12981.97	2119.01	113760.6	6998.2	11495.1	11962.1	589.5	3076.65	50072.61
28-Feb-20	6441.21	21142.96	2880.304	16263.05	9831.03	2954.22	6580.61	26129.93	5309.9	11890.35	1987.01	104171.6	6397.37	11292.17	11201.75	539.38	2785.08	45851.76
31-Mar-20	5076.827	18917.01	2750.296	13378.75	9311.92	2584.59	5671.96	23603.48	4396.12	9935.84	1754.64	73019.8	5153.65	9708.06	8597.75	483.44	2508.81	40738.57
30-Apr-20	5522.353	20193.69	2860.082	14780.74	9629.4	2912.43	5901.21	24643.59	4572.18	10861.64	1947.56	80505.9	5603	10992.14	9859.9	512.92	2650.56	46348.26
29-May-20	5755.69	21877.89	2852.351	15192.83	9831.49	3044.31	6076.6	22961.47	4695.44	11586.85	2029.6	87402.6	5888.55	10942.16	9580.3	532.57	2734.83	46544.79
30-Jun-20	5897.882	22288.14	2984.674	15515.22	10045.3	3100.29	6169.74	24427.19	4935.99	12310.93	2108.33	95055.8	5973.9	11621.24	10302.1	559.73	2743.2	50174.95
31-Jul-20	5927.781	21710	3310.007	16169.21	10005.9	3271.12	5897.76	24595.35	4783.69	12313.36	2249.37	102912.2	6099.59	12664.8	11073.45	545.29	2911.57	51368.82
31-Aug-20	6060.462	23139.76	3395.677	16514.44	10135.56	3500.31	5963.57	25177.05	4947.22	12945.38	2326.17	99369.2	6434.44	12591.45	11387.5	549.2	2966.2	51225.46
30-Sep-20	5815.941	23185.12	3218.052	16121.38	10187	3363	5866.1	23459.05	4803.44	12760.73	2327.89	94603.4	6380.9	12515.61	11247.55	547.7	2905.81	50042.44
30-Oct-20	5927.58	22977.13	3224.532	15580.64	9587.15	3269.96	5577.27	24107.42	4594.24	11556.48	2267.15	93952.4	6427.75	12546.34	11642.4	533.88	2690.59	47472.92
30-Nov-20	6517.807	26433.62	3391.755	17190.25	10476.43	3621.63	6266.19	26341.49	5518.55	13291.16	2591.34	108893.3	7184.75	13722.89	12968.95	606.02	3107.58	52375.5
31-Dec-20	6587.096	27444.17	3473.069	17433.36	10703.51	3756.07	6460.52	27231.13	5551.41	13718.78	2873.47	119017.2	7376.33	14732.53	13981.75	624.61	3289.02	54379.58
29-Jan-21	6607.357	27663.39	3483.069	17337.03	10591.06	3714.24	6407.46	28283.71	5399.21	13432.87	2976.21	115067.6	7047.3	15138.31	13634.6	637.11	3277.08	57312.45
26-Feb-21	6673.268	28966.01	3509.08	18060.26	10522.22	3811.15	6483.43	28980.21	5703.22	13786.29	3012.95	110035.2	7341.48	15953.8	14529.15	651.26	3346.64	60754.3
31-Mar-21	6790.667	29178.8	3441.912	18700.67	11047.37	3972.89	6713.63	28378.35	6067.23	15008.34	3061.42	116633.7	8083.98	16431.13	14690.7	699.85	3541.72	60881.15
30-Apr-21	7025.817	28812.63	3446.856	19108.33	11022.34	4181.17	6969.81	28724.88	6269.48	15135.91	3147.86	118893.8	8092.97	17566.66	14631.1	707.56	3544	61096.37
31-May-21	7161.627	28860.08	3615.477	19730.99	11363.45	4204.11	7022.61	29151.8	6447.17	15421.13	3203.92	126215.7	8231.77	17068.43	15582.8	709.36	3721.63	61782.86
30-Jun-21	7313.023	28791.53	3591.197	20165.58	11942.72	4297.5	7037.47	28827.95	6507.83	15531.04	3296.68	126801.7	8174.45	17755.46	15721.5	729.52	3841.85	60161.76
30-Jul-21	7392.624	27283.59	3397.357	20287.8	12116.82	4395.26	7032.3	25961.03	6612.76	15544.39	3202.32	121800.8	8324.65	17247.41	15763.05	754.31	3771.58	62852.28
31-Aug-21	7534.899	28089.54	3543.94	20582.94	12411.11	4522.68	7119.7	25878.99	6680.18	15835.09	3199.27	118781	8786.93	17490.29	17132.2	787.62	3918.96	61039.26
30-Sep-21	7332.159	29452.66	3568.167	20070.25	11642.45	4307.54	7086.42	24575.64	6520.01	15260.69	3068.82	110979.1	8402.13	16934.77	17618.15	771.94	4103.52	57863.4
29-Oct-21	7323.737	28892.69	3547.336	21037.07	12108.17	4605.38	7237.57	25377.24	6830.34	15688.77	2970.68	103500.7	8551.21	16987.41	17671.65	810.91	4150	60807.87
30-Nov-21	7255.97	27821.76	3563.887	20659.99	12159.69	4567	7059.45	23475.26	6721.16	15100.13	2839.01	101915.5	7847.48	17427.76	16983.2	777.39	3890.59	64063.82
15-Dec-21	7327.08	28459.72	3647.63	20769.16	12530.95	4709.85	7170.75	23420.76	6927.63	15476.35	2989.39	107431.2	8054.51	17660.1	17221.4	775.46	3621.82	65102.29
