Date	FX_Australia_USDAUD	FX_Japan_USDJPY	FX_China_USDCNY	FX_Canada_USDCAD	FX_Switzerland_USDCHF	FX_USA_USDUSD	FX_UK_USDGBP	FX_HK_USDHKD	FX_France_USDEUR_Fra	FX_Germany_USDEUR_Ger	FX_South_Korea_USDKRW	FX_Brazil_USDBRL	FX_Ireland_USDEUR_Ire	FX_Taiwan_USDTWD	FX_India_USDINR	FX_Netherlands_USDEUR_Ned	FX_Russia_USDRUB	FX_South_Africa_USDZAR
31-Dec-99	1.5229	102.5100	8.2795	1.4461	1.5907	1.0000	0.6180	7.7735	0.9938	0.9938	1140.0000	1.7990	0.9938	31.3950	43.5500	0.9938	27.5500	6.1548
31-Jan-00	1.5690	107.3200	8.2777	1.4479	1.6576	1.0000	0.6187	7.7804	1.0302	1.0302	1124.9300	1.7840	1.0302	30.6970	43.6350	1.0302	28.6350	6.3060
29-Feb-00	1.6190	110.3300	8.2786	1.4497	1.6653	1.0000	0.6332	7.7828	1.0371	1.0371	1131.1100	1.7665	1.0371	30.7300	43.6200	1.0371	28.7000	6.3340
31-Mar-00	1.6473	102.7800	8.2787	1.4488	1.6653	1.0000	0.6285	7.7866	1.0466	1.0466	1116.4300	1.7360	1.0466	30.4300	43.6200	1.0466	28.6600	6.5250
28-Apr-00	1.7120	108.1800	8.2799	1.4798	1.7157	1.0000	0.6444	7.7893	1.0966	1.0966	1109.7500	1.8070	1.0966	30.6210	43.6700	1.0966	28.4300	6.7885
31-May-00	1.7461	107.6600	8.2773	1.4966	1.6800	1.0000	0.6661	7.7922	1.0661	1.0661	1129.4500	1.8240	1.0661	30.8100	44.5750	1.0661	28.2525	6.9680
30-Jun-00	1.6760	106.1200	8.2782	1.4810	1.6343	1.0000	0.6594	7.7956	1.0499	1.0499	1115.0300	1.8060	1.0499	30.8000	44.6750	1.0499	28.0700	6.7950
31-Jul-00	1.7225	109.4300	8.2792	1.4863	1.6699	1.0000	0.6668	7.7986	1.0792	1.0792	1116.7500	1.7815	1.0792	31.0690	45.0100	1.0792	27.8600	6.9538
31-Aug-00	1.7333	106.6700	8.2786	1.4720	1.7424	1.0000	0.6909	7.7988	1.1264	1.1264	1107.7800	1.8235	1.1264	31.0730	45.7900	1.1264	27.7750	6.9785
29-Sep-00	1.8425	108.1400	8.2798	1.5032	1.7247	1.0000	0.6765	7.7964	1.1329	1.1329	1115.1500	1.8440	1.1329	31.3300	46.0400	1.1329	27.7820	7.2350
31-Oct-00	1.9277	108.8400	8.2775	1.5237	1.7973	1.0000	0.6910	7.7974	1.1780	1.1780	1137.0000	1.9010	1.1780	32.3610	46.7300	1.1780	27.8820	7.5500
30-Nov-00	1.8939	110.3800	8.2777	1.5370	1.7290	1.0000	0.7022	7.7994	1.1456	1.1456	1215.5000	1.9800	1.1456	33.0680	46.8650	1.1456	27.9340	7.7444
29-Dec-00	1.7897	114.4100	8.2774	1.4991	1.6111	1.0000	0.6698	7.7997	1.0608	1.0608	1265.0000	1.9500	1.0608	33.0820	46.6750	1.0608	28.1600	7.5788
31-Jan-01	1.8167	116.5700	8.2781	1.4978	1.6354	1.0000	0.6828	7.7988	1.0677	1.0677	1257.5000	1.9720	1.0677	32.3750	46.4000	1.0677	28.3700	7.7350
28-Feb-01	1.9010	117.3700	8.2783	1.5364	1.6681	1.0000	0.6919	7.7995	1.0827	1.0827	1254.0000	2.0460	1.0827	32.3450	46.5500	1.0827	28.6700	7.6713
30-Mar-01	2.0595	126.3400	8.2777	1.5757	1.7428	1.0000	0.7062	7.7998	1.1406	1.1406	1331.5000	2.1525	1.1406	32.8430	46.6150	1.1406	28.7600	8.0125
30-Apr-01	1.9518	123.4800	8.2774	1.5350	1.7330	1.0000	0.6982	7.7991	1.1247	1.1247	1315.5000	2.2000	1.1247	32.9140	46.8300	1.1247	28.9300	8.0330
31-May-01	1.9759	119.2300	8.2770	1.5380	1.7979	1.0000	0.7047	7.7998	1.1830	1.1830	1280.0000	2.3820	1.1830	33.9000	47.0000	1.1830	29.1620	8.0010
29-Jun-01	1.9545	124.6500	8.2767	1.5143	1.7921	1.0000	0.7059	7.7998	1.1779	1.1779	1300.5000	2.3105	1.1779	34.4300	47.0400	1.1779	29.1470	8.0450
31-Jul-01	1.9614	125.0000	8.2770	1.5335	1.7265	1.0000	0.7019	7.7998	1.1410	1.1410	1298.0000	2.4665	1.1410	34.7500	47.1350	1.1410	29.3550	8.2575
31-Aug-01	1.8888	118.7900	8.2769	1.5512	1.6618	1.0000	0.6879	7.8001	1.0961	1.0961	1279.5000	2.5635	1.0961	34.5450	47.1350	1.0961	29.4230	8.4390
28-Sep-01	2.0356	119.5600	8.2768	1.5792	1.6204	1.0000	0.6783	7.7998	1.0972	1.0972	1304.5000	2.6700	1.0972	34.5450	47.8600	1.0972	29.4670	9.0265
31-Oct-01	1.9883	122.4200	8.2768	1.5884	1.6337	1.0000	0.6874	7.7999	1.1105	1.1105	1290.5000	2.6965	1.1105	34.5260	48.0050	1.1105	29.7290	9.4420
30-Nov-01	1.9163	123.4800	8.2774	1.5730	1.6415	1.0000	0.7016	7.7988	1.1156	1.1156	1273.0000	2.4985	1.1156	34.4630	47.9250	1.1156	29.9150	10.2555
31-Dec-01	1.9629	131.6600	8.2765	1.5930	1.6603	1.0000	0.6875	7.7980	1.1242	1.1242	1313.5000	2.3105	1.1242	34.9500	48.2450	1.1242	30.5050	11.9610
31-Jan-02	1.9697	134.6800	8.2766	1.5891	1.7193	1.0000	0.7088	7.7993	1.1636	1.1636	1311.5000	2.4130	1.1636	34.8890	48.5200	1.1636	30.7100	11.4150
28-Feb-02	1.9311	133.3600	8.2765	1.6016	1.6966	1.0000	0.7056	7.7994	1.1502	1.1502	1318.0000	2.3635	1.1502	35.1110	48.7400	1.1502	30.9620	11.3650
29-Mar-02	1.8771	132.7300	8.2774	1.5949	1.6813	1.0000	0.7011	7.7998	1.1472	1.1472	1327.0000	2.3250	1.1472	34.9500	48.8150	1.1472	31.2100	11.3300
30-Apr-02	1.8568	128.5400	8.2773	1.5677	1.6175	1.0000	0.6861	7.7991	1.1105	1.1105	1294.0500	2.3610	1.1105	34.7140	48.9500	1.1105	31.2000	10.6650
31-May-02	1.7626	124.2200	8.2765	1.5279	1.5678	1.0000	0.6871	7.7998	1.0704	1.0704	1221.5000	2.5130	1.0704	33.9720	49.0450	1.0704	31.3350	9.8330
28-Jun-02	1.7776	119.4700	8.2771	1.5174	1.4810	1.0000	0.6521	7.7994	1.0086	1.0086	1201.2500	2.8175	1.0086	33.5420	48.8850	1.0086	31.4750	10.2950
31-Jul-02	1.8423	119.8500	8.2766	1.5842	1.4852	1.0000	0.6395	7.7999	1.0229	1.0229	1188.0000	3.4600	1.0229	33.7450	48.6700	1.0229	31.4750	10.2100
30-Aug-02	1.8154	118.4600	8.2768	1.5585	1.4988	1.0000	0.6452	7.8000	1.0180	1.0180	1201.9500	3.0060	1.0180	34.2400	48.5100	1.0180	31.6330	10.5600
30-Sep-02	1.8428	121.8100	8.2772	1.5868	1.4752	1.0000	0.6374	7.7997	1.0136	1.0136	1222.5000	3.7395	1.0136	34.8560	48.3750	1.0136	31.6900	10.5400
31-Oct-02	1.8029	122.4800	8.2772	1.5584	1.4767	1.0000	0.6391	7.7996	1.0098	1.0098	1220.0000	3.6300	1.0098	34.6570	48.3600	1.0098	31.7850	10.0050
29-Nov-02	1.7827	122.5500	8.2772	1.5653	1.4832	1.0000	0.6420	7.7989	1.0057	1.0057	1208.7500	3.6530	1.0057	34.8110	48.3200	1.0057	31.8650	9.2600
31-Dec-02	1.7801	118.7900	8.2770	1.5718	1.3836	1.0000	0.6211	7.7987	0.9529	0.9529	1185.7000	3.5400	0.9529	34.6350	47.9750	0.9529	31.9550	8.5702
31-Jan-03	1.7031	119.8700	8.2769	1.5195	1.3639	1.0000	0.6071	7.8000	0.9287	0.9287	1174.0000	3.4975	0.9287	34.7310	47.7950	0.9287	31.8490	8.5152
28-Feb-03	1.6432	118.1000	8.2775	1.4846	1.3520	1.0000	0.6359	7.7994	0.9253	0.9253	1193.6500	3.5685	0.9253	34.7470	47.6700	0.9253	31.5845	8.0800
31-Mar-03	1.6539	118.0900	8.2774	1.4673	1.3514	1.0000	0.6318	7.7992	0.9161	0.9161	1254.4500	3.3525	0.9161	34.7490	47.4700	0.9161	31.3863	7.8651
30-Apr-03	1.5956	118.8800	8.2770	1.4301	1.3547	1.0000	0.6257	7.7994	0.8942	0.8942	1215.2500	2.9105	0.8942	34.8480	47.3250	0.8942	31.1100	7.2480
30-May-03	1.5306	119.3000	8.2768	1.3666	1.2979	1.0000	0.6112	7.7988	0.8482	0.8482	1206.0000	2.9675	0.8482	34.7090	47.0800	0.8482	30.7250	8.0830
30-Jun-03	1.4847	119.8000	8.2775	1.3467	1.3509	1.0000	0.6043	7.7986	0.8687	0.8687	1193.0500	2.8440	0.8687	34.6420	46.4875	0.8687	30.3655	7.4704
31-Jul-03	1.5413	120.5500	8.2773	1.4043	1.3709	1.0000	0.6209	7.7993	0.8904	0.8904	1180.0000	2.9660	0.8904	34.4150	46.1420	0.8904	30.2591	7.3715
29-Aug-03	1.5442	116.9200	8.2771	1.3865	1.3999	1.0000	0.6330	7.7994	0.9101	0.9101	1178.3500	2.9760	0.9101	34.0660	45.8400	0.9101	30.5120	7.3770
30-Sep-03	1.4696	111.5000	8.2770	1.3521	1.3192	1.0000	0.6018	7.7418	0.8579	0.8579	1150.1000	2.9000	0.8579	33.7350	45.7600	0.8579	30.5870	6.9309
31-Oct-03	1.4111	109.9400	8.2766	1.3198	1.3395	1.0000	0.5897	7.7642	0.8625	0.8625	1183.6300	2.8675	0.8625	33.9780	45.3200	0.8625	29.9450	6.8960
28-Nov-03	1.3808	109.6300	8.2770	1.3008	1.2910	1.0000	0.5808	7.7650	0.8338	0.8338	1202.0500	2.9460	0.8338	34.2080	45.7700	0.8338	29.7405	6.3926
31-Dec-03	1.3298	107.2200	8.2767	1.2970	1.2391	1.0000	0.5600	7.7638	0.7940	0.7940	1192.1000	2.8915	0.7940	33.9600	45.6250	0.7940	29.2425	6.6843
30-Jan-04	1.3088	105.7100	8.2768	1.3252	1.2565	1.0000	0.5483	7.7771	0.8015	0.8015	1173.5000	2.9345	0.8015	33.3900	45.2650	0.8015	28.5300	7.0713
27-Feb-04	1.2925	109.1100	8.2769	1.3343	1.2623	1.0000	0.5352	7.7838	0.8005	0.8005	1176.5300	2.9059	0.8005	33.3650	45.2350	0.8005	28.5105	6.6328
31-Mar-04	1.3042	104.2300	8.2770	1.3093	1.2659	1.0000	0.5417	7.7920	0.8120	0.8120	1147.2800	2.8953	0.8120	33.0200	43.6000	0.8120	28.5190	6.2925
30-Apr-04	1.3874	110.5200	8.2771	1.3722	1.2956	1.0000	0.5624	7.7995	0.8350	0.8350	1173.3500	2.9330	0.8350	33.3690	44.5000	0.8350	29.0060	6.9901
31-May-04	1.3984	109.5200	8.2768	1.3624	1.2541	1.0000	0.5458	7.7939	0.8205	0.8205	1160.1000	3.1890	0.8205	33.3760	45.4650	0.8205	28.9940	6.5150
30-Jun-04	1.4306	108.7700	8.2766	1.3328	1.2487	1.0000	0.5494	7.7997	0.8196	0.8196	1155.4500	3.0850	0.8196	33.7750	46.0600	0.8196	29.0698	6.1362
30-Jul-04	1.4230	111.3600	8.2770	1.3314	1.2815	1.0000	0.5495	7.7998	0.8321	0.8321	1170.1000	3.0365	0.8321	34.1360	46.4700	0.8321	29.1060	6.2675
31-Aug-04	1.4204	109.1700	8.2765	1.3127	1.2664	1.0000	0.5548	7.8000	0.8208	0.8208	1152.4500	2.9270	0.8208	34.0530	46.3538	0.8208	29.2620	6.6313
30-Sep-04	1.3744	110.0500	8.2765	1.2613	1.2461	1.0000	0.5519	7.7960	0.8041	0.8041	1151.8500	2.8608	0.8041	33.9840	45.9500	0.8041	29.2229	6.4535
29-Oct-04	1.3363	105.8100	8.2766	1.2177	1.1943	1.0000	0.5445	7.7837	0.7814	0.7814	1119.3500	2.8570	0.7814	33.4350	45.3875	0.7814	28.7455	6.1000
30-Nov-04	1.2939	103.0700	8.2765	1.1874	1.1413	1.0000	0.5237	7.7750	0.7532	0.7532	1048.5000	2.7200	0.7532	32.2100	44.6350	0.7532	28.1300	5.8033
31-Dec-04	1.2817	102.6300	8.2765	1.2019	1.1404	1.0000	0.5213	7.7726	0.7378	0.7378	1035.1000	2.6560	0.7378	31.7400	43.4600	0.7378	27.7200	5.6650
31-Jan-05	1.2892	103.7000	8.2764	1.2398	1.1889	1.0000	0.5311	7.7996	0.7670	0.7670	1026.0000	2.6088	0.7670	31.7450	43.7200	0.7670	28.0200	5.9850
28-Feb-05	1.2630	104.6300	8.2765	1.2339	1.1631	1.0000	0.5205	7.7989	0.7561	0.7561	1004.0300	2.5875	0.7561	31.0800	43.6750	0.7561	27.6750	5.8175
31-Mar-05	1.2938	107.1500	8.2764	1.2104	1.1965	1.0000	0.5290	7.7992	0.7713	0.7713	1015.4500	2.6790	0.7713	31.5300	43.7450	0.7713	27.8621	6.2395
29-Apr-05	1.2798	104.7500	8.2764	1.2583	1.1951	1.0000	0.5239	7.7937	0.7769	0.7769	997.1000	2.5280	0.7769	31.2710	43.5350	0.7769	27.7810	6.0858
31-May-05	1.3229	108.5700	8.2767	1.2549	1.2483	1.0000	0.5503	7.7801	0.8127	0.8127	1008.0000	2.4076	0.8127	31.3590	43.7000	0.8127	28.2405	6.8120
30-Jun-05	1.3115	110.9200	8.2764	1.2251	1.2814	1.0000	0.5582	7.7710	0.8260	0.8260	1034.5000	2.3325	0.8260	31.6150	43.4850	0.8260	28.6300	6.6495
29-Jul-05	1.3217	112.5000	8.1056	1.2233	1.2894	1.0000	0.5689	7.7738	0.8250	0.8250	1026.9500	2.3787	0.8250	31.8400	43.4800	0.8250	28.6300	6.5811
31-Aug-05	1.3241	110.6100	8.0998	1.1878	1.2530	1.0000	0.5543	7.7718	0.8099	0.8099	1034.5000	2.3570	0.8099	32.7500	44.1500	0.8099	28.4800	6.3660
30-Sep-05	1.3122	113.5100	8.0920	1.1630	1.2939	1.0000	0.5665	7.7575	0.8315	0.8315	1042.4000	2.2275	0.8315	33.1880	44.0150	0.8315	28.4977	6.3701
31-Oct-05	1.3365	116.4000	8.0845	1.1822	1.2886	1.0000	0.5651	7.7523	0.8339	0.8339	1040.5000	2.2518	0.8339	33.5500	45.1637	0.8339	28.5850	6.7025
30-Nov-05	1.3559	119.8100	8.0804	1.1657	1.3152	1.0000	0.5783	7.7547	0.8484	0.8484	1033.7000	2.2035	0.8484	33.5140	45.9288	0.8484	28.8072	6.4625
30-Dec-05	1.3617	117.7500	8.0702	1.1620	1.3134	1.0000	0.5804	7.7545	0.8440	0.8440	1010.0000	2.3355	0.8440	32.8250	45.0500	0.8440	28.7414	6.3288
31-Jan-06	1.3187	117.2000	8.0608	1.1390	1.2779	1.0000	0.5620	7.7574	0.8226	0.8226	964.6500	2.2120	0.8226	31.9840	44.1175	0.8226	28.0788	6.0579
28-Feb-06	1.3468	115.7700	8.0402	1.1369	1.3117	1.0000	0.5703	7.7580	0.8388	0.8388	971.0000	2.1235	0.8388	32.4500	44.3900	0.8388	28.0359	6.1650
31-Mar-06	1.3958	117.7800	8.0172	1.1686	1.3042	1.0000	0.5757	7.7597	0.8254	0.8254	971.6500	2.1640	0.8254	32.4580	44.6225	0.8254	27.7050	6.1765
28-Apr-06	1.3167	113.8300	8.0140	1.1170	1.2388	1.0000	0.5477	7.7535	0.7915	0.7915	943.2000	2.0870	0.7915	31.9050	44.8800	0.7915	27.1746	6.0050
31-May-06	1.3293	112.6400	8.0175	1.1016	1.2192	1.0000	0.5349	7.7584	0.7808	0.7808	945.7000	2.3070	0.7808	32.0350	46.3700	0.7808	27.0136	6.7368
30-Jun-06	1.3453	114.4400	7.9943	1.1170	1.2231	1.0000	0.5410	7.7663	0.7818	0.7818	948.7000	2.1650	0.7818	32.3780	46.0400	0.7818	26.8455	7.1740
31-Jul-06	1.3047	114.6800	7.9690	1.1313	1.2312	1.0000	0.5354	7.7709	0.7833	0.7833	955.2000	2.1770	0.7833	32.7290	46.5000	0.7833	26.8040	6.9475
31-Aug-06	1.3092	117.4000	7.9527	1.1037	1.2305	1.0000	0.5250	7.7772	0.7804	0.7804	961.3000	2.1450	0.7804	32.9140	46.4400	0.7804	26.7521	7.1993
29-Sep-06	1.3403	118.1800	7.9040	1.1180	1.2506	1.0000	0.5342	7.7919	0.7890	0.7890	946.2500	2.1690	0.7890	33.0980	45.8675	0.7890	26.7958	7.7838
31-Oct-06	1.2924	116.9800	7.8794	1.1222	1.2442	1.0000	0.5243	7.7779	0.7836	0.7836	942.3500	2.1418	0.7836	33.2630	45.0325	0.7836	26.7121	7.3710
30-Nov-06	1.2675	115.8100	7.8331	1.1403	1.1978	1.0000	0.5087	7.7781	0.7552	0.7552	929.5500	2.1649	0.7552	32.4220	44.7470	0.7552	26.2597	7.1538
29-Dec-06	1.2682	119.0600	7.8045	1.1657	1.2201	1.0000	0.5105	7.7780	0.7577	0.7577	929.7000	2.1364	0.7577	32.5890	44.2700	0.7577	26.3255	7.0060
31-Jan-07	1.2871	120.7000	7.7737	1.1769	1.2441	1.0000	0.5088	7.8080	0.7673	0.7673	941.2000	2.1229	0.7673	32.9420	44.1825	0.7673	26.4700	7.2165
28-Feb-07	1.2692	118.5600	7.7417	1.1699	1.2196	1.0000	0.5092	7.8132	0.7559	0.7559	941.7000	2.1205	0.7559	32.9410	44.2938	0.7559	26.1157	7.2325
30-Mar-07	1.2368	117.8300	7.7315	1.1540	1.2155	1.0000	0.5082	7.8138	0.7488	0.7488	940.8000	2.0594	0.7488	33.0930	43.4750	0.7488	25.9860	7.2638
30-Apr-07	1.2047	119.5300	7.7033	1.1097	1.2073	1.0000	0.5001	7.8227	0.7327	0.7327	930.8500	2.0345	0.7327	33.3150	41.1775	0.7327	25.6908	7.0800
31-May-07	1.2079	121.7300	7.6460	1.0689	1.2253	1.0000	0.5051	7.8080	0.7433	0.7433	927.7800	1.9246	0.7433	32.9450	40.6115	0.7433	25.8835	7.1175
29-Jun-07	1.1774	123.1700	7.6151	1.0653	1.2215	1.0000	0.4978	7.8175	0.7385	0.7385	923.9000	1.9290	0.7385	32.8660	40.7225	0.7385	25.7449	7.0430
31-Jul-07	1.1742	118.6200	7.5728	1.0665	1.2011	1.0000	0.4923	7.8263	0.7308	0.7308	919.3000	1.8825	0.7308	32.8070	40.3675	0.7308	25.5537	7.1388
31-Aug-07	1.2216	115.7700	7.5450	1.0556	1.2084	1.0000	0.4958	7.7978	0.7337	0.7337	938.3000	1.9619	0.7337	32.9990	40.9300	0.7337	25.6560	7.1475
28-Sep-07	1.1263	114.8100	7.5105	0.9923	1.1637	1.0000	0.4885	7.7747	0.7009	0.7009	915.2800	1.8336	0.7009	32.6690	39.8450	0.7009	24.8588	6.8698
31-Oct-07	1.0705	115.4400	7.4627	0.9431	1.1581	1.0000	0.4808	7.7503	0.6903	0.6903	900.7500	1.7360	0.6903	32.3970	39.3256	0.6903	24.6556	6.4986
30-Nov-07	1.1308	111.2400	7.3919	0.9987	1.1318	1.0000	0.4863	7.7871	0.6834	0.6834	921.1700	1.7924	0.6834	32.2580	39.5987	0.6834	24.5010	6.8038
31-Dec-07	1.1427	111.7500	7.3037	0.9984	1.1335	1.0000	0.5038	7.8001	0.6855	0.6855	935.3700	1.7800	0.6855	32.4320	39.4125	0.6855	24.6006	6.8625
31-Jan-08	1.1165	106.4500	7.1818	1.0028	1.0814	1.0000	0.5032	7.7971	0.6729	0.6729	943.9500	1.7592	0.6729	32.1610	39.3685	0.6729	24.4353	7.4820
29-Feb-08	1.0743	103.7400	7.1108	0.9878	1.0412	1.0000	0.5027	7.7814	0.6588	0.6588	939.0000	1.6907	0.6588	30.9100	40.0141	0.6588	24.0143	7.8300
31-Mar-08	1.0952	99.7000	7.0120	1.0253	0.9931	1.0000	0.5041	7.7830	0.6334	0.6334	990.3000	1.7519	0.6334	30.3830	40.1175	0.6334	23.4929	8.0905
30-Apr-08	1.0597	103.9200	6.9878	1.0079	1.0345	1.0000	0.5033	7.7937	0.6401	0.6401	1002.4000	1.6629	0.6401	30.4470	40.4950	0.6401	23.6377	7.5615
30-May-08	1.0461	105.5200	6.9421	0.9934	1.0423	1.0000	0.5045	7.8043	0.6429	0.6429	1030.0500	1.6270	0.6429	30.4000	42.4575	0.6429	23.6840	7.6100
30-Jun-08	1.0432	106.2100	6.8544	1.0215	1.0210	1.0000	0.5019	7.7967	0.6347	0.6347	1046.0500	1.6037	0.6347	30.3530	43.0400	0.6347	23.4446	7.8194
31-Jul-08	1.0613	107.9200	6.8319	1.0246	1.0470	1.0000	0.5040	7.8017	0.6409	0.6409	1012.1500	1.5654	0.6409	30.6290	42.5700	0.6409	23.4318	7.3360
29-Aug-08	1.1659	108.8000	6.8397	1.0637	1.1012	1.0000	0.5491	7.8039	0.6815	0.6815	1088.9500	1.6315	0.6815	31.5520	43.9375	0.6815	24.6450	7.7045
30-Sep-08	1.2620	106.1100	6.8460	1.0644	1.1221	1.0000	0.5616	7.7653	0.7096	0.7096	1206.8500	1.9046	0.7096	32.2070	46.9550	0.7096	25.6439	8.2865
31-Oct-08	1.4976	98.4700	6.8388	1.2125	1.1578	1.0000	0.6221	7.7500	0.7855	0.7855	1290.5000	2.1590	0.7855	32.9760	49.4575	0.7855	27.0690	9.7800
28-Nov-08	1.5260	95.5300	6.8347	1.2398	1.2136	1.0000	0.6505	7.7503	0.7879	0.7879	1468.7500	2.3063	0.7879	33.2890	50.1075	0.7879	27.9231	10.0500
31-Dec-08	1.4232	90.6400	6.8277	1.2188	1.0687	1.0000	0.6848	7.7503	0.7156	0.7156	1259.5500	2.3145	0.7156	32.7920	48.8025	0.7156	29.4027	9.5250
30-Jan-09	1.5693	89.9200	6.8519	1.2296	1.1619	1.0000	0.6877	7.7546	0.7806	0.7806	1379.6000	2.3230	0.7806	33.6850	48.8750	0.7806	35.7364	10.1996
27-Feb-09	1.5655	97.5800	6.8400	1.2763	1.1689	1.0000	0.6985	7.7553	0.7893	0.7893	1534.3500	2.3866	0.7893	34.9330	51.1612	0.7893	35.9137	10.1165
31-Mar-09	1.4468	98.9600	6.8339	1.2602	1.1394	1.0000	0.6982	7.7504	0.7547	0.7547	1383.1000	2.3228	0.7547	33.9120	50.7300	0.7547	33.9540	9.5026
30-Apr-09	1.3782	98.6300	6.8210	1.1925	1.1405	1.0000	0.6761	7.7501	0.7559	0.7559	1282.9500	2.1904	0.7559	33.0770	50.0925	0.7559	33.1005	8.5274
29-May-09	1.2434	95.1500	6.8291	1.0904	1.0669	1.0000	0.6174	7.7517	0.7069	0.7069	1255.2500	1.9702	0.7069	32.6250	47.0913	0.7069	30.9700	7.9386
30-Jun-09	1.2402	96.3600	6.8305	1.1623	1.0859	1.0000	0.6076	7.7502	0.7126	0.7126	1273.8000	1.9518	0.7126	32.8100	47.9050	0.7126	31.1527	7.7140
31-Jul-09	1.1966	94.6800	6.8321	1.0776	1.0685	1.0000	0.5984	7.7501	0.7014	0.7014	1228.4300	1.8651	0.7014	32.8070	47.9350	0.7014	31.4644	7.7610
31-Aug-09	1.1850	93.1200	6.8308	1.0938	1.0590	1.0000	0.6140	7.7507	0.6977	0.6977	1248.9500	1.8804	0.6977	32.9160	48.8250	0.6977	31.7919	7.7771
30-Sep-09	1.1329	89.7100	6.8264	1.0695	1.0363	1.0000	0.6257	7.7500	0.6831	0.6831	1178.0500	1.7670	0.6831	32.1480	48.1100	0.6831	30.0154	7.5098
30-Oct-09	1.1116	90.0900	6.8275	1.0848	1.0263	1.0000	0.6081	7.7502	0.6793	0.6793	1182.0500	1.7612	0.6793	32.5250	46.9750	0.6793	29.1384	7.8150
30-Nov-09	1.0918	86.4100	6.8274	1.0563	1.0053	1.0000	0.6083	7.7501	0.6665	0.6665	1162.8500	1.7557	0.6665	32.1700	46.5150	0.6665	29.2640	7.4046
31-Dec-09	1.1125	93.0300	6.8271	1.0532	1.0352	1.0000	0.6184	7.7543	0.6978	0.6978	1164.0000	1.7445	0.6978	31.9850	46.5250	0.6978	30.0350	7.3980
29-Jan-10	1.1364	89.9000	6.8269	1.0707	1.0604	1.0000	0.6272	7.7655	0.7213	0.7213	1161.6500	1.8950	0.7213	31.9410	46.1782	0.7213	30.3482	7.6263
26-Feb-10	1.1160	88.8600	6.8261	1.0547	1.0740	1.0000	0.6598	7.7627	0.7340	0.7340	1159.8500	1.8076	0.7340	32.0720	46.0850	0.7340	29.9485	7.7154
31-Mar-10	1.0903	93.4700	6.8259	1.0153	1.0539	1.0000	0.6586	7.7643	0.7402	0.7402	1131.3000	1.7813	0.7402	31.7580	44.9175	0.7402	29.4205	7.2850
30-Apr-10	1.0780	93.8500	6.8253	1.0179	1.0776	1.0000	0.6547	7.7641	0.7521	0.7521	1108.3000	1.7394	0.7521	31.3390	44.3650	0.7521	29.2537	7.3890
31-May-10	1.1822	91.2700	6.8278	1.0445	1.1549	1.0000	0.6878	7.7865	0.8126	0.8126	1202.2400	1.8209	0.8126	31.9700	46.3675	0.8126	30.9025	7.6700
30-Jun-10	1.1894	88.4300	6.7818	1.0639	1.0774	1.0000	0.6691	7.7885	0.8172	0.8172	1221.8000	1.8047	0.8172	32.1330	46.4500	0.8172	31.2095	7.6710
30-Jul-10	1.1060	86.4700	6.7745	1.0297	1.0412	1.0000	0.6373	7.7668	0.7662	0.7662	1182.7500	1.7549	0.7662	31.9740	46.4075	0.7662	30.2050	7.2972
31-Aug-10	1.1228	84.2000	6.8078	1.0656	1.0151	1.0000	0.6515	7.7784	0.7887	0.7887	1198.8300	1.7559	0.7887	32.0340	47.0750	0.7887	30.8038	7.3740
30-Sep-10	1.0341	83.5300	6.6921	1.0292	0.9825	1.0000	0.6363	7.7592	0.7334	0.7334	1140.2000	1.6873	0.7334	31.2420	44.9450	0.7334	30.5350	6.9630
29-Oct-10	1.0149	80.3100	6.6705	1.0192	0.9823	1.0000	0.6232	7.7508	0.7162	0.7162	1125.1600	1.6991	0.7162	30.6240	44.4275	0.7162	30.8150	6.9990
30-Nov-10	1.0431	83.6900	6.6673	1.0264	1.0034	1.0000	0.6426	7.7659	0.7702	0.7702	1159.2500	1.7143	0.7702	30.4820	45.8850	0.7702	31.4755	7.1032
31-Dec-10	0.9772	81.1200	6.6070	0.9980	0.9352	1.0000	0.6405	7.7731	0.7471	0.7471	1126.0000	1.6613	0.7471	29.2990	44.7050	0.7471	30.5370	6.6291
31-Jan-11	1.0026	82.0400	6.5950	1.0010	0.9440	1.0000	0.6245	7.7971	0.7302	0.7302	1121.3000	1.6670	0.7302	29.0400	45.9050	0.7302	29.7910	7.1855
28-Feb-11	0.9818	81.7800	6.5719	0.9716	0.9289	1.0000	0.6151	7.7880	0.7243	0.7243	1128.9000	1.6643	0.7243	29.7350	45.2708	0.7243	28.8705	6.9687
31-Mar-11	0.9682	83.1300	6.5483	0.9706	0.9190	1.0000	0.6239	7.7788	0.7064	0.7064	1096.9300	1.6318	0.7064	29.4050	44.5850	0.7064	28.4180	6.7743
29-Apr-11	0.9115	81.1900	6.4922	0.9451	0.8653	1.0000	0.5986	7.7662	0.6753	0.6753	1071.5300	1.5754	0.6753	28.6090	44.2194	0.6753	27.3848	6.5686
31-May-11	0.9370	81.5200	6.4786	0.9685	0.8540	1.0000	0.6080	7.7766	0.6946	0.6946	1079.1500	1.5801	0.6946	28.6570	45.0600	0.6946	27.9940	6.8021
30-Jun-11	0.9327	80.5600	6.4639	0.9634	0.8404	1.0000	0.6230	7.7818	0.6896	0.6896	1067.6500	1.5633	0.6896	28.7240	44.6981	0.6896	27.8693	6.7693
29-Jul-11	0.9067	77.1600	6.4370	0.9539	0.7923	1.0000	0.6088	7.7934	0.6945	0.6945	1054.0700	1.5493	0.6945	28.8570	44.1881	0.6945	27.6119	6.6910
31-Aug-11	0.9340	76.6600	6.3781	0.9777	0.8060	1.0000	0.6154	7.7860	0.6957	0.6957	1066.7700	1.5896	0.6957	29.0100	46.0950	0.6957	28.8286	6.9915
30-Sep-11	1.0350	77.0600	6.3812	1.0503	0.9082	1.0000	0.6417	7.7856	0.7468	0.7468	1178.1000	1.8793	0.7468	30.4850	48.9737	0.7468	32.1840	8.0967
31-Oct-11	0.9497	78.1700	6.3548	1.0008	0.8770	1.0000	0.6216	7.7680	0.7216	0.7216	1110.2100	1.7157	0.7216	29.9180	48.6950	0.7216	30.2417	7.9599
30-Nov-11	0.9725	77.6200	6.3793	1.0174	0.9132	1.0000	0.6368	7.7676	0.7438	0.7438	1142.5700	1.8085	0.7438	30.3330	52.2112	0.7438	30.6995	8.1089
30-Dec-11	0.9796	76.9100	6.2950	1.0213	0.9381	1.0000	0.6435	7.7674	0.7714	0.7714	1152.4500	1.8668	0.7714	30.2790	53.0650	0.7714	32.1370	8.0900
31-Jan-12	0.9415	76.2700	6.3082	1.0026	0.9202	1.0000	0.6345	7.7551	0.7643	0.7643	1123.2600	1.7468	0.7643	29.5730	49.4550	0.7643	30.3430	7.8108
29-Feb-12	0.9318	81.1500	6.2938	0.9899	0.9044	1.0000	0.6283	7.7564	0.7505	0.7505	1118.9600	1.7174	0.7505	29.3880	49.0238	0.7505	29.1738	7.5063
30-Mar-12	0.9666	82.8700	6.2985	0.9987	0.9025	1.0000	0.6246	7.7661	0.7495	0.7495	1133.1000	1.8268	0.7495	29.5050	50.8763	0.7495	29.3470	7.6730
30-Apr-12	0.9589	79.8200	6.2795	0.9872	0.9075	1.0000	0.6160	7.7585	0.7554	0.7554	1130.1300	1.9083	0.7554	29.1690	52.7363	0.7554	29.3820	7.7774
31-May-12	1.0274	78.3200	6.3685	1.0328	0.9713	1.0000	0.6491	7.7624	0.8087	0.8087	1180.3300	2.0227	0.8087	29.8380	56.1100	0.8087	33.4120	8.5230
29-Jun-12	0.9768	79.7900	6.3540	1.0166	0.9485	1.0000	0.6367	7.7574	0.7899	0.7899	1145.4000	2.0094	0.7899	29.8720	55.6375	0.7899	32.4245	8.1642
31-Jul-12	0.9521	78.1200	6.3617	1.0031	0.9764	1.0000	0.6378	7.7545	0.8128	0.8128	1130.5500	2.0569	0.8128	29.9800	55.6550	0.8128	32.2003	8.2587
31-Aug-12	0.9688	78.3900	6.3486	0.9863	0.9549	1.0000	0.6303	7.7556	0.7952	0.7952	1134.6300	2.0308	0.7952	29.9450	55.5275	0.7952	32.3078	8.4000
28-Sep-12	0.9649	77.9800	6.2847	0.9841	0.9410	1.0000	0.6193	7.7538	0.7777	0.7777	1111.3800	2.0264	0.7777	29.3130	52.8600	0.7777	31.1800	8.3146
31-Oct-12	0.9638	79.7700	6.2373	0.9994	0.9315	1.0000	0.6200	7.7501	0.7719	0.7719	1090.7000	2.0308	0.7719	29.2130	53.8138	0.7719	31.3530	8.6736
30-Nov-12	0.9590	82.4800	6.2260	0.9944	0.9281	1.0000	0.6245	7.7503	0.7699	0.7699	1082.8500	2.1360	0.7699	29.0540	54.2650	0.7699	30.8806	8.9088
31-Dec-12	0.9620	86.7500	6.2306	0.9921	0.9154	1.0000	0.6154	7.7503	0.7580	0.7580	1064.4000	2.0516	0.7580	29.0330	54.9950	0.7580	30.5250	8.4735
31-Jan-13	0.9593	91.7100	6.2190	0.9972	0.9100	1.0000	0.6306	7.7551	0.7365	0.7365	1088.5900	1.9915	0.7365	29.5500	53.2250	0.7365	30.0056	8.9559
28-Feb-13	0.9790	92.5600	6.2217	1.0306	0.9367	1.0000	0.6594	7.7551	0.7657	0.7657	1082.9000	1.9785	0.7657	29.6370	54.3600	0.7657	30.6036	9.0246
29-Mar-13	0.9596	94.2800	6.2102	1.0177	0.9503	1.0000	0.6582	7.7632	0.7802	0.7802	1111.3500	2.0217	0.7802	29.8250	54.2800	0.7802	31.0564	9.2362
30-Apr-13	0.9642	97.4500	6.1658	1.0073	0.9293	1.0000	0.6439	7.7602	0.7594	0.7594	1101.2800	2.0013	0.7594	29.5400	53.8088	0.7594	31.0622	8.9682
31-May-13	1.0448	100.4500	6.1345	1.0375	0.9551	1.0000	0.6579	7.7626	0.7694	0.7694	1129.6400	2.1411	0.7694	29.9400	56.5050	0.7694	31.8777	10.0915
28-Jun-13	1.0972	99.2400	6.1375	1.0529	0.9455	1.0000	0.6577	7.7571	0.7687	0.7687	1142.0600	2.2317	0.7687	29.9820	59.3900	0.7687	32.8395	9.8990
31-Jul-13	1.1133	97.8800	6.1289	1.0277	0.9262	1.0000	0.6576	7.7558	0.7517	0.7517	1123.2800	2.2766	0.7517	29.9860	60.3737	0.7517	33.0038	9.8768
30-Aug-13	1.1235	98.1700	6.1203	1.0537	0.9298	1.0000	0.6451	7.7550	0.7564	0.7564	1110.0400	2.3855	0.7564	29.9290	65.7050	0.7564	33.2923	10.2799
30-Sep-13	1.0733	98.2700	6.1209	1.0309	0.9049	1.0000	0.6178	7.7560	0.7393	0.7393	1074.6400	2.2170	0.7393	29.6300	62.6175	0.7393	32.3906	10.0278
31-Oct-13	1.0575	98.3600	6.0938	1.0431	0.9069	1.0000	0.6235	7.7532	0.7362	0.7362	1060.7300	2.2398	0.7362	29.4240	61.4950	0.7362	32.0913	10.0467
29-Nov-13	1.0980	102.4400	6.0940	1.0614	0.9062	1.0000	0.6110	7.7528	0.7358	0.7358	1058.2000	2.3360	0.7358	29.6340	62.4487	0.7358	33.1200	10.1742
31-Dec-13	1.1217	105.3100	6.0543	1.0623	0.8929	1.0000	0.6040	7.7540	0.7277	0.7277	1049.8000	2.3621	0.7277	29.8070	61.8000	0.7277	32.8696	10.4926
31-Jan-14	1.1421	102.0400	6.0612	1.1128	0.9065	1.0000	0.6083	7.7650	0.7415	0.7415	1080.9700	2.4128	0.7415	30.3260	62.6575	0.7415	35.1537	11.1206
28-Feb-14	1.1205	101.8000	6.1451	1.1064	0.8803	1.0000	0.5972	7.7602	0.7246	0.7246	1067.6000	2.3443	0.7246	30.3220	61.7575	0.7246	35.8641	10.7551
31-Mar-14	1.0794	103.2300	6.2171	1.1050	0.8846	1.0000	0.6001	7.7568	0.7263	0.7263	1064.7000	2.2719	0.7263	30.4870	59.8900	0.7263	35.1734	10.5319
30-Apr-14	1.0768	102.2400	6.2595	1.0962	0.8804	1.0000	0.5927	7.7528	0.7211	0.7211	1033.2200	2.2323	0.7211	30.2300	60.3350	0.7211	35.6632	10.5224
30-May-14	1.0741	101.7700	6.2471	1.0846	0.8952	1.0000	0.5967	7.7529	0.7335	0.7335	1020.2000	2.2415	0.7335	30.0180	59.1025	0.7335	34.8974	10.5723
30-Jun-14	1.0601	101.3300	6.2031	1.0671	0.8868	1.0000	0.5846	7.7504	0.7305	0.7305	1011.8400	2.2143	0.7305	29.8890	60.1862	0.7305	33.9823	10.6375
31-Jul-14	1.0758	102.8000	6.1738	1.0906	0.9088	1.0000	0.5922	7.7501	0.7466	0.7466	1027.7800	2.2636	0.7466	30.0200	60.5600	0.7466	35.6867	10.7073
29-Aug-14	1.0723	104.1800	6.1436	1.0875	0.9193	1.0000	0.6027	7.7505	0.7615	0.7615	1013.8800	2.2359	0.7615	29.9300	60.5150	0.7615	37.1189	10.6658
30-Sep-14	1.1431	109.6500	6.1394	1.1198	0.9551	1.0000	0.6168	7.7652	0.7917	0.7917	1055.2100	2.4469	0.7917	30.4250	61.7575	0.7917	39.6003	11.2853
31-Oct-14	1.1366	112.3200	6.1130	1.1266	0.9626	1.0000	0.6252	7.7550	0.7983	0.7983	1068.8200	2.4778	0.7983	30.4540	61.3650	0.7983	43.0095	11.0395
28-Nov-14	1.1807	118.7500	6.1450	1.1429	0.9659	1.0000	0.6389	7.7542	0.8022	0.8022	1108.0600	2.5654	0.8022	30.9570	62.0325	0.8022	49.4670	11.0868
31-Dec-14	1.2239	119.7800	6.2055	1.1621	0.9943	1.0000	0.6419	7.7551	0.8266	0.8266	1090.9800	2.6576	0.8266	31.6560	63.0437	0.8266	58.2500	11.5706
30-Jan-15	1.2870	117.4900	6.2506	1.2732	0.9202	1.0000	0.6638	7.7519	0.8861	0.8861	1093.6800	2.6829	0.8861	31.5270	61.8700	0.8861	69.4666	11.6476
27-Feb-15	1.2802	119.6300	6.2694	1.2515	0.9543	1.0000	0.6480	7.7555	0.8931	0.8931	1098.0000	2.8412	0.8931	31.4580	61.8388	0.8931	61.7535	11.6585
31-Mar-15	1.3147	120.1300	6.1997	1.2686	0.9727	1.0000	0.6748	7.7524	0.9318	0.9318	1109.6900	3.1967	0.9318	31.3090	62.4975	0.9318	58.1861	12.1321
30-Apr-15	1.2650	119.3800	6.2032	1.2077	0.9324	1.0000	0.6514	7.7505	0.8911	0.8911	1072.2900	3.0145	0.8911	30.6230	63.4225	0.8911	51.5876	11.9107
29-May-15	1.3094	124.0700	6.1976	1.2441	0.9408	1.0000	0.6537	7.7529	0.9107	0.9107	1108.1900	3.1787	0.9107	30.6960	63.8250	0.9107	52.0916	12.1816
30-Jun-15	1.2975	122.5000	6.2010	1.2494	0.9355	1.0000	0.6367	7.7517	0.8979	0.8979	1115.4900	3.1030	0.8979	30.8730	63.6500	0.8979	55.3415	12.1688
31-Jul-15	1.3687	123.8900	6.2097	1.3091	0.9663	1.0000	0.6401	7.7529	0.9104	0.9104	1170.3100	3.4214	0.9104	31.6750	64.1362	0.9104	61.7050	12.6808
31-Aug-15	1.4057	121.2300	6.3790	1.3140	0.9673	1.0000	0.6517	7.7500	0.8920	0.8920	1182.9000	3.6205	0.8920	32.6640	66.4825	0.8920	64.2249	13.2799
30-Sep-15	1.4251	119.8800	6.3560	1.3313	0.9733	1.0000	0.6610	7.7500	0.8947	0.8947	1185.3900	3.9475	0.8947	32.9920	65.5900	0.8947	65.3619	13.8549
30-Oct-15	1.4010	120.6200	6.3174	1.3080	0.9879	1.0000	0.6481	7.7506	0.9086	0.9086	1140.5400	3.8558	0.9086	32.5950	65.2650	0.9086	63.9548	13.8224
30-Nov-15	1.3837	123.1100	6.3984	1.3362	1.0290	1.0000	0.6642	7.7531	0.9466	0.9466	1157.9000	3.8674	0.9466	32.6940	66.6675	0.9466	66.4192	14.4480
31-Dec-15	1.3723	120.2200	6.4937	1.3839	1.0021	1.0000	0.6786	7.7507	0.9210	0.9210	1175.0600	3.9608	0.9210	32.8620	66.1537	0.9210	72.5209	15.4685
29-Jan-16	1.4117	121.3400	6.5760	1.3972	1.0219	1.0000	0.7016	7.7826	0.9231	0.9231	1199.1300	3.9992	0.9231	33.3270	67.7925	0.9231	75.7573	15.9097
29-Feb-16	1.4004	112.6900	6.5520	1.3540	0.9984	1.0000	0.7185	7.7762	0.9197	0.9197	1236.6500	4.0159	0.9197	33.3030	68.4225	0.9197	75.1907	15.8715
31-Mar-16	1.3059	112.5700	6.4536	1.3004	0.9618	1.0000	0.6963	7.7572	0.8787	0.8787	1143.4200	3.5922	0.8787	32.2120	66.2475	0.8787	66.8954	14.7673
29-Apr-16	1.3148	106.5000	6.4780	1.2556	0.9599	1.0000	0.6844	7.7572	0.8733	0.8733	1139.4000	3.4358	0.8733	32.2700	66.3300	0.8733	64.7671	14.2302
31-May-16	1.3826	110.7300	6.5854	1.3093	0.9939	1.0000	0.6905	7.7712	0.8983	0.8983	1191.9300	3.6116	0.8983	32.6190	67.2600	0.8983	66.7224	15.7086
30-Jun-16	1.3422	103.2000	6.6480	1.2924	0.9760	1.0000	0.7512	7.7591	0.9004	0.9004	1151.8000	3.2130	0.9004	32.2580	67.5250	0.9004	63.8735	14.7266
29-Jul-16	1.3167	102.3200	6.6350	1.3031	0.9694	1.0000	0.7553	7.7588	0.8949	0.8949	1120.2400	3.2489	0.8949	31.9530	66.9950	0.8949	65.9445	13.8898
31-Aug-16	1.3302	103.4300	6.6793	1.3105	0.9839	1.0000	0.7611	7.7570	0.8962	0.8962	1114.8000	3.2267	0.8962	31.7520	66.9637	0.8962	65.3959	14.7313
30-Sep-16	1.3055	101.3500	6.6718	1.3127	0.9714	1.0000	0.7705	7.7564	0.8901	0.8901	1101.1300	3.2624	0.8901	31.3550	66.6113	0.8901	62.8790	13.7225
31-Oct-16	1.3142	104.8200	6.7758	1.3409	0.9890	1.0000	0.8169	7.7552	0.9107	0.9107	1143.7800	3.1936	0.9107	31.5570	66.7800	0.9107	63.3923	13.4741
30-Nov-16	1.3543	114.4600	6.8894	1.3437	1.0173	1.0000	0.7996	7.7565	0.9444	0.9444	1168.9600	3.3858	0.9444	31.8690	68.3887	0.9444	64.1068	14.0940
30-Dec-16	1.3887	116.9600	6.9450	1.3441	1.0190	1.0000	0.8101	7.7559	0.9506	0.9506	1205.8300	3.2552	0.9506	32.3260	67.9238	0.9506	61.5375	13.7401
31-Jan-17	1.3184	112.8000	6.8840	1.3030	0.9892	1.0000	0.7949	7.7590	0.9261	0.9261	1161.3100	3.1486	0.9261	31.3870	67.8650	0.9261	60.1908	13.4753
28-Feb-17	1.3060	112.7700	6.8670	1.3301	1.0058	1.0000	0.8078	7.7624	0.9455	0.9455	1130.2800	3.1104	0.9455	30.6790	66.6900	0.9455	58.3794	13.1285
31-Mar-17	1.3108	111.3900	6.8872	1.3318	1.0026	1.0000	0.7968	7.7709	0.9385	0.9385	1118.4500	3.1220	0.9385	30.3480	64.8500	0.9385	56.2447	13.4136
28-Apr-17	1.3385	111.3000	6.8935	1.3661	0.9939	1.0000	0.7732	7.7780	0.9163	0.9163	1137.6500	3.1768	0.9163	30.2100	64.2462	0.9163	56.9981	13.3151
31-May-17	1.3458	110.7800	6.8180	1.3500	0.9678	1.0000	0.7758	7.7921	0.8894	0.8894	1119.6500	3.2270	0.8894	30.1240	64.5075	0.8894	56.6172	13.1179
30-Jun-17	1.3007	112.3900	6.7809	1.2964	0.9579	1.0000	0.7677	7.8072	0.8752	0.8752	1144.1400	3.3082	0.8752	30.4290	64.5813	0.8752	58.8720	13.0744
31-Jul-17	1.2494	110.2600	6.7266	1.2480	0.9669	1.0000	0.7567	7.8102	0.8445	0.8445	1119.3200	3.1254	0.8445	30.2130	64.1875	0.8445	59.7779	13.1859
31-Aug-17	1.2586	109.9800	6.5901	1.2482	0.9587	1.0000	0.7736	7.8259	0.8397	0.8397	1127.5500	3.1491	0.8397	30.1680	63.9063	0.8397	58.0350	13.0032
29-Sep-17	1.2765	112.5100	6.6528	1.2472	0.9683	1.0000	0.7465	7.8110	0.8464	0.8464	1145.4400	3.1625	0.8464	30.3240	65.2800	0.8464	57.5545	13.5590
31-Oct-17	1.3062	113.6400	6.6350	1.2888	0.9976	1.0000	0.7528	7.8011	0.8587	0.8587	1120.3400	3.2713	0.8587	30.1630	64.7475	0.8587	58.3425	14.1272
30-Nov-17	1.3217	112.5400	6.6091	1.2897	0.9836	1.0000	0.7393	7.8099	0.8401	0.8401	1087.9700	3.2681	0.8401	30.0100	64.4637	0.8401	58.4322	13.6981
29-Dec-17	1.2810	112.6900	6.5068	1.2571	0.9743	1.0000	0.7402	7.8140	0.8330	0.8330	1067.4000	3.3125	0.8330	29.7330	63.8725	0.8330	57.6889	12.3828
31-Jan-18	1.2413	109.1900	6.2888	1.2315	0.9313	1.0000	0.7046	7.8229	0.8056	0.8056	1067.7500	3.1875	0.8056	29.1410	63.5875	0.8056	56.1922	11.8514
28-Feb-18	1.2884	106.6800	6.3310	1.2831	0.9446	1.0000	0.7268	7.8261	0.8201	0.8201	1083.0000	3.2475	0.8201	29.2810	65.1750	0.8201	56.3510	11.7957
30-Mar-18	1.3011	106.2800	6.2755	1.2900	0.9540	1.0000	0.7134	7.8488	0.8114	0.8114	1063.6300	3.3063	0.8114	29.1100	65.1775	0.8114	57.3410	11.8408
30-Apr-18	1.3281	109.3400	6.3322	1.2843	0.9909	1.0000	0.7265	7.8483	0.8279	0.8279	1068.0500	3.5063	0.8279	29.6050	66.6613	0.8279	62.9789	12.4608
31-May-18	1.3214	108.8200	6.4106	1.2958	0.9858	1.0000	0.7521	7.8431	0.8553	0.8553	1077.2400	3.7239	0.8553	29.9620	67.4100	0.8553	62.4132	12.6993
29-Jun-18	1.3503	110.7600	6.6210	1.3133	0.9906	1.0000	0.7572	7.8466	0.8558	0.8558	1114.6700	3.8769	0.8558	30.4750	68.4700	0.8558	62.7779	13.7250
31-Jul-18	1.3463	111.8600	6.8167	1.3006	0.9903	1.0000	0.7619	7.8491	0.8554	0.8554	1118.7300	3.7572	0.8554	30.6250	68.5475	0.8554	62.5276	13.2750
31-Aug-18	1.3906	111.0300	6.8315	1.3040	0.9689	1.0000	0.7716	7.8491	0.8620	0.8620	1113.0700	4.0551	0.8620	30.7190	70.9950	0.8620	67.4666	14.6887
28-Sep-18	1.3836	113.7500	6.8688	1.2850	0.9809	1.0000	0.7668	7.8280	0.8607	0.8607	1109.3000	4.0504	0.8607	30.5330	72.4900	0.8607	65.6574	14.1250
31-Oct-18	1.4138	112.9400	6.9757	1.3157	1.0085	1.0000	0.7834	7.8415	0.8840	0.8840	1139.8200	3.7240	0.8840	30.9510	73.9550	0.8840	65.8788	14.7864
30-Nov-18	1.3677	113.5700	6.9605	1.3292	0.9979	1.0000	0.7843	7.8240	0.8835	0.8835	1120.7500	3.8671	0.8835	30.8200	69.5837	0.8835	67.0901	13.8699
31-Dec-18	1.4188	109.6900	6.8785	1.3637	0.9821	1.0000	0.7839	7.8319	0.8722	0.8722	1110.9500	3.8812	0.8722	30.5490	69.7675	0.8722	69.3514	14.3467
31-Jan-19	1.3745	108.8900	6.6961	1.3125	0.9942	1.0000	0.7628	7.8467	0.8736	0.8736	1112.7200	3.6471	0.8736	30.7190	71.0850	0.8736	65.3799	13.2542
28-Feb-19	1.4096	111.3900	6.6941	1.3172	0.9982	1.0000	0.7540	7.8499	0.8794	0.8794	1124.4400	3.7564	0.8794	30.8030	70.7462	0.8794	65.9675	14.0849
29-Mar-19	1.4043	111.0300	6.7121	1.3350	0.9951	1.0000	0.7668	7.8500	0.8905	0.8905	1135.1800	3.9210	0.8905	30.8260	69.1612	0.8905	65.6738	14.3485
30-Apr-19	1.4187	111.4200	6.7348	1.3388	1.0193	1.0000	0.7673	7.8445	0.8917	0.8917	1168.1500	3.9190	0.8917	30.9130	69.5663	0.8917	64.6195	14.2986
31-May-19	1.4415	108.2900	6.9050	1.3516	1.0006	1.0000	0.7916	7.8384	0.8954	0.8954	1190.9100	3.9229	0.8954	31.6010	69.6987	0.8954	65.4446	14.5803
28-Jun-19	1.4222	108.2100	6.8668	1.3078	0.9792	1.0000	0.7874	7.8107	0.8802	0.8802	1154.8000	3.8497	0.8802	30.9890	69.0275	0.8802	63.2754	14.0851
31-Jul-19	1.4606	108.7800	6.8811	1.3191	0.9940	1.0000	0.8225	7.8279	0.9028	0.9028	1183.0100	3.8115	0.9028	31.0970	68.7975	0.9028	63.6600	14.3429
30-Aug-19	1.4847	106.2800	7.1565	1.3311	0.9904	1.0000	0.8222	7.8420	0.9102	0.9102	1211.3500	4.1455	0.9102	31.3290	71.4063	0.9102	66.7188	15.1954
30-Sep-19	1.4809	108.0800	7.1483	1.3241	0.9977	1.0000	0.8135	7.8389	0.9176	0.9176	1196.3800	4.1570	0.9176	31.0410	70.8688	0.9176	64.8318	15.1363
31-Oct-19	1.4505	108.0300	7.0391	1.3164	0.9864	1.0000	0.7728	7.8373	0.8967	0.8967	1163.7200	4.0195	0.8967	30.4450	70.9287	0.8967	64.1389	15.1008
29-Nov-19	1.4787	109.4900	7.0325	1.3282	1.0002	1.0000	0.7733	7.8288	0.9076	0.9076	1181.4600	4.2371	0.9076	30.5080	71.7388	0.9076	64.3441	14.6706
31-Dec-19	1.4252	108.6100	6.9632	1.2990	0.9666	1.0000	0.7543	7.7914	0.8919	0.8919	1155.8400	4.0249	0.8919	29.9910	71.3800	0.8919	61.9475	14.0000
31-Jan-20	1.4951	108.3500	6.9109	1.3237	0.9634	1.0000	0.7572	7.7643	0.9015	0.9015	1191.7400	4.2828	0.9015	30.2410	71.3550	0.9015	63.9613	15.0282
28-Feb-20	1.5363	107.8900	6.9920	1.3407	0.9649	1.0000	0.7801	7.7935	0.9069	0.9069	1214.7300	4.4720	0.9069	30.2870	72.1750	0.9069	66.8443	15.6609
31-Mar-20	1.6292	107.5400	7.0822	1.4062	0.9611	1.0000	0.8056	7.7511	0.9064	0.9064	1218.5400	5.2053	0.9064	30.2550	75.6275	0.9064	78.5771	17.8379
30-Apr-20	1.5356	107.1800	7.0632	1.3945	0.9653	1.0000	0.7940	7.7520	0.9131	0.9131	1204.4400	5.4858	0.9131	29.7360	75.1012	0.9131	74.3593	18.5264
29-May-20	1.5018	107.6900	7.1364	1.3779	0.9613	1.0000	0.8112	7.7527	0.8994	0.8994	1237.5700	5.3370	0.8994	30.0180	75.6163	0.8994	70.1424	17.5480
30-Jun-20	1.4486	107.9300	7.0654	1.3576	0.9473	1.0000	0.8064	7.7505	0.8902	0.8902	1202.7400	5.4659	0.8902	29.5630	75.5075	0.8902	71.2002	17.3512
31-Jul-20	1.3999	105.8300	6.9752	1.3412	0.9129	1.0000	0.7642	7.7503	0.8490	0.8490	1191.0300	5.2225	0.8490	29.3760	74.8150	0.8490	74.1257	17.0718
31-Aug-20	1.3558	105.9100	6.8485	1.3047	0.9037	1.0000	0.7480	7.7502	0.8378	0.8378	1187.7600	5.4937	0.8378	29.4050	73.6200	0.8378	74.0128	16.9416
30-Sep-20	1.3962	105.4800	6.7910	1.3319	0.9209	1.0000	0.7738	7.7500	0.8532	0.8532	1170.1700	5.6103	0.8532	29.0190	73.7725	0.8532	77.6573	16.7484
30-Oct-20	1.4228	104.6600	6.6915	1.3321	0.9170	1.0000	0.7722	7.7522	0.8586	0.8586	1134.7600	5.7444	0.8586	28.5830	74.1100	0.8586	79.4022	16.2439
30-Nov-20	1.3617	104.3100	6.5789	1.3001	0.9089	1.0000	0.7505	7.7514	0.8385	0.8385	1106.4500	5.3583	0.8385	28.5650	74.0475	0.8385	76.4446	15.4681
31-Dec-20	1.2999	103.2500	6.5272	1.2725	0.8852	1.0000	0.7318	7.7531	0.8186	0.8186	1086.5100	5.1935	0.8186	28.0940	73.0700	0.8186	74.0369	14.6947
29-Jan-21	1.3120	104.7900	6.4283	1.2788	0.8902	1.0000	0.7296	7.7531	0.8243	0.8243	1118.6000	5.4715	0.8243	28.0180	72.9538	0.8243	75.8500	15.1939
26-Feb-21	1.2967	106.5500	6.4737	1.2732	0.9085	1.0000	0.7169	7.7567	0.8284	0.8284	1123.5300	5.6023	0.8284	27.8760	73.4688	0.8284	74.7113	15.1257
31-Mar-21	1.3166	110.7200	6.5528	1.2562	0.9436	1.0000	0.7255	7.7741	0.8525	0.8525	1131.8300	5.6344	0.8525	28.5000	73.1100	0.8525	75.6508	14.7759
30-Apr-21	1.2966	109.3100	6.4749	1.2287	0.9131	1.0000	0.7239	7.7675	0.8320	0.8320	1112.3100	5.4381	0.8320	27.9020	74.0788	0.8320	75.3030	14.4950
31-May-21	1.2930	109.5800	6.3701	1.2064	0.8989	1.0000	0.7036	7.7611	0.8179	0.8179	1110.9900	5.2191	0.8179	27.5600	72.6212	0.8179	73.4102	13.7373
30-Jun-21	1.3335	111.1100	6.4571	1.2398	0.9250	1.0000	0.7229	7.7651	0.8434	0.8434	1126.2800	4.9690	0.8434	27.8750	74.3288	0.8434	73.1508	14.2854
30-Jul-21	1.3615	109.7200	6.4614	1.2475	0.9059	1.0000	0.7193	7.7718	0.8427	0.8427	1150.0900	5.2115	0.8427	27.9590	74.4150	0.8427	73.1659	14.6019
31-Aug-21	1.3670	110.0200	6.4607	1.2616	0.9151	1.0000	0.7270	7.7771	0.8468	0.8468	1159.4600	5.1512	0.8468	27.6670	73.0063	0.8468	73.4539	14.5242
30-Sep-21	1.3837	111.2900	6.4448	1.2680	0.9317	1.0000	0.7421	7.7863	0.8638	0.8638	1184.0800	5.4430	0.8638	27.8160	74.2375	0.8638	72.7474	15.0683
29-Oct-21	1.3318	114.0700	6.4056	1.2386	0.9163	1.0000	0.7306	7.7795	0.8651	0.8651	1168.4000	5.6365	0.8651	27.7980	74.8800	0.8651	70.8438	15.2307
30-Nov-21	1.4030	113.1700	6.3645	1.2779	0.9189	1.0000	0.7518	7.7974	0.8819	0.8819	1187.8500	5.6227	0.8819	27.6970	75.1675	0.8819	74.1483	15.8859
15-Dec-21	1.4077	113.7200	6.3648	1.2854	0.9242	1.0000	0.7560	7.8014	0.8883	0.8883	1186.6000	5.6897	0.8883	27.8170	75.8687	0.8883	73.8727	16.0948
