Date	CPI_Australia	CPI_Japan	CPI_China	CPI_Canada	CPI_Switzerland	CPI_US	CPI_UK	CPI_HK	CPI_France	CPI_Germany	CPI_South_Korea	CPI_Brazil	CPI_Ireland	CPI_Taiwan	CPI_India	CPI_Netherlands	CPI_Russia	CPI_South_Africa
31-Dec-99	69.10	96.82	70.01	93.70	92.46	168.30	167.30	72.00	80.32	78.30	65.57	1588.56	75.00	84.68	44.48	73.70	18.39	38.10
31-Jan-00	69.30	96.72	70.94	93.50	92.58	168.80	166.60	71.50	80.25	78.50	65.86	1598.41	74.80	84.41	44.48	73.55	18.82	38.60
29-Feb-00	69.50	96.43	71.86	94.10	92.92	169.80	167.50	71.40	80.35	78.60	66.06	1600.49	75.40	85.66	44.37	74.00	19.02	38.40
31-Mar-00	69.70	96.63	70.86	94.80	92.89	171.20	168.40	71.20	80.73	78.60	66.39	1604.01	75.90	84.19	44.78	74.66	19.14	38.80
30-Apr-00	69.87	96.82	70.44	94.50	92.97	171.30	170.10	71.20	80.73	78.60	66.12	1610.75	76.40	84.89	45.20	74.78	19.31	39.30
31-May-00	70.03	96.92	70.02	94.90	92.93	171.50	170.70	71.10	80.90	78.40	65.79	1610.91	76.90	85.42	45.40	75.02	19.65	39.50
30-Jun-00	70.20	96.72	69.39	95.50	93.27	172.40	171.10	70.80	81.10	78.90	66.12	1614.62	77.40	85.30	45.61	74.94	20.15	39.80
31-Jul-00	71.10	96.43	68.97	95.80	93.34	172.80	170.50	70.70	80.97	79.20	66.39	1640.62	77.40	84.84	45.92	74.75	20.51	40.10
31-Aug-00	72.00	96.72	69.38	95.70	93.10	172.80	170.50	70.50	81.13	79.00	66.72	1662.11	77.80	85.10	45.71	75.08	20.71	40.30
30-Sep-00	72.90	96.63	70.78	96.10	93.57	173.70	171.70	70.60	81.55	79.20	67.59	1665.93	78.00	86.29	45.82	75.99	20.99	40.40
31-Oct-00	72.97	96.43	70.78	96.30	93.47	174.00	171.60	70.60	81.45	79.10	67.52	1668.26	78.40	86.31	46.33	76.12	21.43	40.60
30-Nov-00	73.03	96.43	70.99	96.60	93.91	174.10	172.10	70.70	81.63	79.10	67.12	1673.60	78.50	87.11	46.44	76.11	21.75	40.70
31-Dec-00	73.10	96.43	71.06	96.70	93.84	174.00	172.20	70.50	81.60	80.00	67.39	1683.47	78.50	86.07	46.02	75.66	22.11	40.70
31-Jan-01	73.37	95.86	71.79	96.30	93.78	175.10	171.10	70.40	81.18	79.50	68.12	1693.07	77.70	86.40	45.92	76.31	22.72	41.30
28-Feb-01	73.63	95.66	71.86	96.80	93.65	175.80	172.00	69.70	81.39	80.00	68.45	1700.86	78.40	84.78	45.71	76.98	23.24	41.40
31-Mar-01	73.90	95.76	71.43	97.10	93.80	176.20	172.20	69.80	81.76	80.00	69.05	1707.32	79.00	84.55	45.92	77.70	23.67	41.60
30-Apr-01	74.10	96.05	71.57	97.80	94.06	176.90	173.10	70.20	82.16	80.30	69.32	1717.22	79.60	85.25	46.23	78.13	24.09	41.90
31-May-01	74.30	96.05	71.21	98.60	94.57	177.70	174.20	70.00	82.68	80.70	69.25	1724.26	80.10	85.23	46.54	78.39	24.52	42.00
30-Jun-01	74.50	95.95	70.36	98.70	94.75	178.00	174.40	70.00	82.73	80.80	69.45	1733.23	80.70	85.18	47.16	78.09	24.92	42.20
31-Jul-01	74.57	95.76	70.01	98.40	94.60	177.50	173.30	70.10	82.56	80.90	69.59	1756.28	80.50	84.92	47.78	77.98	25.03	42.20
31-Aug-01	74.63	95.86	70.08	98.40	94.08	177.50	174.00	69.70	82.56	80.70	69.85	1768.57	80.70	85.48	48.09	78.27	25.04	42.10
30-Sep-01	74.70	95.86	70.71	98.60	94.20	178.30	174.60	69.80	82.71	80.60	69.79	1773.52	81.00	85.85	47.98	79.23	25.19	42.20
31-Oct-01	74.93	95.76	70.92	98.10	94.06	177.70	174.30	69.70	82.76	80.40	69.79	1788.24	81.40	87.15	48.29	79.15	25.46	42.20
30-Nov-01	75.17	95.66	70.78	97.20	94.18	177.40	173.60	69.70	82.53	80.20	69.39	1800.94	81.30	86.12	48.71	79.05	25.81	42.40
31-Dec-01	75.40	95.57	70.85	97.40	94.15	176.70	173.40	68.00	82.63	81.10	69.52	1812.65	81.90	84.62	48.40	78.81	26.22	42.60
31-Jan-02	75.63	95.08	71.06	97.60	94.26	177.10	173.30	68.00	82.89	81.10	69.92	1822.08	81.80	84.95	48.19	79.38	27.03	43.40
28-Feb-02	75.87	94.89	71.84	98.20	94.26	177.80	173.80	68.10	82.99	81.40	70.25	1828.64	82.30	85.98	48.09	79.81	27.34	43.80
31-Mar-02	76.10	95.08	70.91	98.90	94.28	178.80	174.50	68.30	83.36	81.50	70.65	1839.61	83.00	84.56	48.29	80.52	27.64	44.30
30-Apr-02	76.27	95.18	70.70	99.50	95.09	179.80	175.70	68.10	83.68	81.50	71.05	1854.33	83.70	85.43	48.40	80.90	27.96	44.90
31-May-02	76.43	95.28	70.48	99.70	95.18	179.80	176.20	67.80	83.79	81.60	71.32	1858.22	84.10	85.01	48.71	80.92	28.43	45.20
30-Jun-02	76.60	95.18	69.85	99.90	95.06	179.90	176.20	67.70	83.78	81.50	71.25	1866.02	84.30	85.27	49.12	80.65	28.58	45.50
31-Jul-02	76.77	94.99	69.36	100.50	94.56	180.10	175.90	67.70	83.78	81.80	71.05	1888.23	83.80	85.28	49.63	80.54	28.79	46.30
31-Aug-02	76.93	94.99	69.57	100.90	94.52	180.70	176.40	67.50	83.98	81.60	71.52	1900.50	84.30	85.25	49.94	80.81	28.81	46.40
30-Sep-02	77.10	94.99	70.26	100.90	94.67	181.00	177.60	67.20	84.14	81.50	71.92	1914.18	84.60	85.19	50.05	81.69	28.93	47.00
31-Oct-02	77.27	94.89	70.41	101.20	95.22	181.30	177.90	67.20	84.27	81.40	71.72	1939.26	85.00	85.67	50.25	81.49	29.24	47.60
30-Nov-02	77.43	94.89	70.33	101.50	95.05	181.30	178.20	67.10	84.27	81.10	71.78	1997.83	85.00	85.64	50.46	81.25	29.71	47.90
31-Dec-02	77.60	94.89	70.55	101.10	94.99	180.90	178.50	66.90	84.41	82.00	72.12	2039.78	85.60	85.27	49.94	80.97	30.17	47.90
31-Jan-03	77.93	94.31	71.32	102.00	95.06	181.70	178.40	66.90	84.42	82.00	72.58	2085.68	85.70	85.87	49.84	81.25	30.89	48.40
28-Feb-03	78.27	94.21	71.96	102.80	95.16	183.10	179.30	66.70	84.99	82.40	72.98	2118.43	86.50	84.68	49.94	81.75	31.39	48.30
31-Mar-03	78.60	94.50	71.53	103.10	95.54	184.20	179.90	66.80	85.33	82.50	73.85	2144.49	87.10	84.41	50.25	82.53	31.72	48.80
30-Apr-03	78.60	94.79	71.39	102.40	95.73	183.80	181.20	66.90	85.21	82.30	73.72	2165.29	87.50	85.33	50.87	82.61	32.05	48.90
31-May-03	78.60	94.89	70.89	102.50	95.58	183.50	181.50	66.20	85.12	82.10	73.58	2178.50	87.40	85.28	50.98	82.55	32.30	48.80
30-Jun-03	78.60	94.79	70.04	102.50	95.58	183.70	181.30	65.60	85.28	82.30	73.38	2175.23	87.40	84.79	51.29	82.17	32.56	48.70
31-Jul-03	78.77	94.79	69.69	102.60	94.81	183.90	181.30	65.00	85.19	82.50	73.32	2179.58	87.10	84.44	51.70	82.24	32.79	48.70
31-Aug-03	78.93	94.89	70.18	102.90	95.03	184.60	181.60	64.90	85.39	82.50	73.65	2186.99	87.70	84.75	51.49	82.50	32.66	48.80
30-Sep-03	79.10	94.89	71.02	103.10	95.17	185.20	182.50	65.00	85.73	82.40	74.31	2204.05	87.80	85.01	51.49	83.31	32.77	48.70
31-Oct-03	79.23	94.99	71.66	102.80	95.65	185.00	182.60	65.40	85.78	82.40	74.38	2210.44	87.80	85.62	51.90	83.08	33.10	48.40
30-Nov-03	79.37	94.79	72.37	103.10	95.53	184.50	182.70	65.50	85.67	82.20	74.25	2217.96	87.80	85.24	52.01	82.87	33.42	48.00
31-Dec-03	79.50	94.89	72.81	103.20	95.55	184.30	183.50	65.70	85.76	82.90	74.58	2229.49	88.20	85.22	51.80	82.34	33.78	48.00
31-Jan-04	79.73	94.21	73.61	103.30	95.23	185.20	183.10	65.90	85.61	82.90	75.05	2246.43	87.60	85.88	52.01	82.35	34.37	48.40
29-Feb-04	79.97	94.21	73.46	103.50	95.24	186.20	183.80	65.40	85.96	83.10	75.38	2260.13	88.40	85.22	52.01	82.72	34.71	48.70
31-Mar-04	80.20	94.41	73.68	103.90	95.45	187.40	184.60	65.50	86.30	83.40	76.11	2270.75	88.70	85.16	52.01	83.44	34.98	49.00
30-Apr-04	80.33	94.60	74.05	104.10	96.25	188.00	185.70	65.80	86.53	83.70	76.11	2279.15	89.00	86.14	52.01	83.71	35.32	49.10
31-May-04	80.47	94.60	73.98	105.00	96.47	189.10	186.50	65.60	86.85	83.90	76.05	2290.77	89.20	86.06	52.42	83.85	35.58	49.10
30-Jun-04	80.60	94.70	73.46	105.10	96.64	189.70	186.80	65.50	86.89	83.90	76.05	2307.03	89.60	86.26	52.83	83.31	35.86	49.20
31-Jul-04	80.70	94.60	73.31	105.00	95.63	189.40	186.80	65.50	86.75	84.10	76.51	2328.02	89.30	87.25	53.35	83.19	36.19	49.40
31-Aug-04	80.80	94.70	73.83	104.80	95.98	189.50	187.40	65.40	86.94	84.30	77.18	2344.08	89.90	86.91	53.87	83.47	36.34	49.40
30-Sep-04	80.90	94.89	74.64	105.00	95.99	189.90	188.10	65.50	87.02	84.00	77.18	2351.82	89.90	87.38	53.97	84.20	36.50	49.40
31-Oct-04	81.10	94.89	74.64	105.20	96.89	190.90	188.60	65.80	87.26	84.20	77.18	2362.17	90.00	87.66	54.28	84.23	36.91	49.60
30-Nov-04	81.30	94.60	74.41	105.60	96.98	191.00	189.00	65.90	87.30	83.80	76.71	2378.47	90.20	86.54	54.18	83.98	37.32	49.80
31-Dec-04	81.50	94.70	74.49	105.40	96.82	190.30	189.90	65.90	87.40	84.80	76.84	2398.92	90.30	86.60	53.76	83.25	37.75	49.70
31-Jan-05	81.70	93.92	74.93	105.30	96.37	190.70	188.90	65.70	86.91	84.30	77.60	2412.83	89.40	86.30	54.28	83.58	38.74	49.90
28-Feb-05	81.90	93.83	76.28	105.70	96.59	191.80	189.60	65.90	87.46	84.60	77.92	2427.07	90.20	86.87	54.18	84.10	39.22	50.00
31-Mar-05	82.10	94.12	75.60	106.30	96.82	193.30	190.50	65.90	88.02	84.90	78.39	2441.87	90.40	87.12	54.18	84.88	39.74	50.40
30-Apr-05	82.27	94.41	75.37	106.60	97.61	194.60	191.60	66.10	88.19	84.90	78.47	2463.11	90.90	87.56	54.59	85.03	40.19	50.70
31-May-05	82.43	94.60	75.22	106.70	97.52	194.40	192.00	66.00	88.25	85.20	78.39	2475.18	91.10	88.04	54.38	84.98	40.51	50.70
30-Jun-05	82.60	94.50	74.62	106.90	97.30	194.50	192.20	66.20	88.35	85.30	78.15	2474.68	91.40	88.32	54.59	84.70	40.77	50.60
31-Jul-05	82.87	94.41	74.62	107.10	96.77	195.40	192.20	66.30	88.22	85.70	78.47	2480.87	91.30	89.35	55.52	84.57	40.95	51.10
31-Aug-05	83.13	94.60	74.77	107.50	96.91	196.40	192.60	66.20	88.56	85.90	78.70	2485.09	91.80	90.01	55.72	84.96	40.90	51.20
30-Sep-05	83.40	94.79	75.29	108.40	97.33	198.80	193.10	66.50	88.91	86.20	79.09	2493.79	92.40	90.14	55.93	85.73	41.00	51.50
31-Oct-05	83.53	94.89	75.59	107.90	98.18	199.20	193.30	66.60	88.89	86.20	78.94	2512.49	92.40	90.07	56.55	85.66	41.22	51.50
30-Nov-05	83.67	94.70	75.36	107.70	97.90	197.60	193.60	66.70	88.71	85.70	78.29	2526.31	92.20	88.71	57.06	85.44	41.53	51.50
31-Dec-05	83.80	94.79	75.67	107.60	97.80	196.80	194.10	66.80	88.82	86.60	78.52	2535.40	92.00	88.51	56.75	84.98	41.87	51.50
31-Jan-06	84.03	94.41	76.65	108.20	97.62	198.30	193.40	66.90	88.73	86.10	78.99	2550.36	91.50	88.61	56.65	84.68	42.89	51.80
28-Feb-06	84.27	94.31	77.03	108.00	97.92	198.70	194.20	66.70	89.07	86.40	79.15	2560.82	92.60	87.73	56.65	85.01	43.60	51.90
31-Mar-06	84.50	94.60	76.34	108.60	97.82	199.80	195.00	67.00	89.33	86.50	79.61	2571.83	92.90	87.48	56.65	85.68	43.96	52.10
30-Apr-06	84.97	94.89	76.49	109.20	98.65	201.50	196.50	67.30	89.71	86.80	79.69	2577.23	93.40	88.63	57.13	86.07	44.11	52.40
31-May-06	85.43	95.18	76.42	109.70	98.85	202.50	197.70	67.40	90.11	87.00	79.85	2579.81	93.90	89.44	57.60	86.15	44.32	52.70
30-Jun-06	85.90	95.08	76.03	109.50	98.82	202.90	198.50	67.60	90.10	87.10	79.69	2574.39	94.00	89.85	58.56	85.84	44.45	53.10
31-Jul-06	86.17	94.99	75.81	109.60	98.14	203.50	198.50	67.80	89.95	87.50	80.00	2579.28	94.00	90.05	59.03	85.68	44.74	53.60
31-Aug-06	86.43	95.18	76.03	109.80	98.31	203.90	199.20	67.80	90.26	87.40	80.47	2580.57	94.60	89.51	59.03	86.13	44.83	54.00
30-Sep-06	86.70	95.27	76.41	109.20	98.10	202.90	200.10	67.90	90.05	87.00	80.71	2585.99	94.40	89.02	59.51	86.46	44.87	54.20
31-Oct-06	86.67	95.27	76.49	109.00	98.43	201.80	200.40	68.00	89.85	87.10	80.32	2594.52	94.40	89.00	60.46	86.24	45.00	54.30
30-Nov-06	86.63	95.08	76.72	109.20	98.39	201.50	201.10	68.10	89.96	87.00	79.93	2602.56	94.40	88.92	60.46	86.10	45.28	54.20
31-Dec-06	86.60	94.99	77.79	109.40	98.41	201.80	202.70	68.30	90.16	87.80	80.16	2615.05	94.80	89.11	60.46	85.79	45.64	54.50
31-Jan-07	86.60	94.61	78.34	109.40	97.72	202.42	201.60	68.20	89.85	87.60	80.32	2626.56	94.20	88.92	60.46	85.89	46.40	54.90
28-Feb-07	86.60	94.32	79.12	110.20	97.91	203.50	203.10	67.30	90.02	88.00	80.86	2638.12	95.10	89.26	60.94	86.28	46.92	54.90
31-Mar-07	86.60	94.51	78.88	111.10	97.99	205.35	204.40	68.60	90.41	88.20	81.33	2647.88	95.70	88.22	60.46	87.22	47.20	55.30
30-Apr-07	86.97	94.80	78.80	111.60	99.10	206.69	205.40	68.20	90.86	88.60	81.65	2654.50	96.10	89.24	60.94	87.64	47.46	56.10
31-May-07	87.33	94.99	79.04	112.10	99.33	207.95	206.20	68.20	91.09	88.70	81.72	2661.93	96.40	89.42	61.41	87.70	47.76	56.40
30-Jun-07	87.70	94.99	79.36	111.90	99.44	208.35	207.30	68.50	91.20	88.80	81.72	2669.38	96.60	89.97	61.89	87.34	48.22	56.90
31-Jul-07	87.90	94.89	80.07	112.00	98.85	208.30	206.10	68.90	90.97	89.30	82.04	2675.79	96.50	89.76	62.84	86.93	48.64	57.40
31-Aug-07	88.10	95.08	81.03	111.70	98.74	207.92	207.30	68.90	91.26	89.10	82.11	2688.37	96.90	90.95	63.32	87.08	48.68	57.70
30-Sep-07	88.30	95.18	81.28	111.90	98.84	208.49	208.00	69.00	91.34	89.30	82.58	2693.21	97.10	91.79	63.32	87.59	49.07	58.10
31-Oct-07	88.57	95.37	81.52	111.60	99.68	208.94	208.90	70.10	91.58	89.40	82.74	2701.29	97.20	93.74	63.79	87.63	49.87	58.60
30-Nov-07	88.83	95.46	82.09	111.90	100.13	210.18	209.70	70.50	92.09	89.90	82.74	2711.55	97.70	93.19	63.79	87.76	50.48	58.90
31-Dec-07	89.10	95.75	82.91	112.00	100.38	210.04	210.90	70.90	92.44	90.50	83.05	2731.62	97.80	92.08	63.79	87.39	51.05	59.30
31-Jan-08	89.50	95.37	83.91	111.80	100.09	211.08	209.80	70.40	92.33	90.20	83.44	2746.37	97.10	91.54	63.79	87.63	52.23	60.40
29-Feb-08	89.90	95.27	86.09	112.20	100.23	211.69	211.40	71.50	92.53	90.60	83.75	2759.83	98.30	92.71	64.27	88.22	52.86	60.80
31-Mar-08	90.30	95.65	85.48	112.60	100.57	213.53	212.10	71.50	93.24	91.10	84.54	2773.08	99.30	91.71	65.22	89.09	53.49	61.70
30-Apr-08	90.73	95.65	85.57	113.50	101.36	214.82	214.00	71.90	93.56	90.90	85.00	2788.33	99.40	92.70	65.70	89.42	54.25	62.00
31-May-08	91.17	96.41	85.23	114.60	102.16	216.63	215.10	72.10	94.07	91.50	85.71	2810.36	100.00	92.74	66.17	89.74	54.99	62.50
30-Jun-08	91.60	96.79	85.06	115.40	102.34	218.82	216.80	72.70	94.42	91.80	86.25	2831.16	100.40	94.44	66.65	89.58	55.52	63.40
31-Jul-08	91.97	97.17	85.14	115.80	101.89	219.96	216.50	73.20	94.21	92.30	86.88	2846.16	99.90	94.97	68.08	89.72	55.80	64.20
31-Aug-08	92.33	97.36	85.06	115.60	101.63	219.09	217.20	72.10	94.17	92.00	86.72	2854.13	100.00	95.21	69.03	89.89	56.00	64.60
30-Sep-08	92.70	97.36	85.06	115.70	101.73	218.78	218.40	71.10	94.11	92.00	86.80	2861.55	100.20	94.64	69.51	90.28	56.45	65.00
31-Oct-08	92.60	97.17	84.80	114.50	102.27	216.57	217.70	71.40	94.05	91.70	86.72	2874.43	99.90	95.98	70.46	90.07	56.97	65.00
30-Nov-08	92.50	96.41	84.12	114.10	101.59	212.43	216.00	72.60	93.60	91.20	86.49	2884.78	99.80	94.99	70.46	89.74	57.44	65.10
31-Dec-08	92.40	95.94	83.96	113.30	101.08	210.23	212.90	72.40	93.37	91.50	86.49	2892.86	99.10	93.24	69.98	89.09	57.83	65.00
31-Jan-09	92.43	95.37	84.71	113.00	100.23	211.14	210.10	72.60	92.98	91.10	86.57	2906.74	98.30	92.89	70.46	89.32	59.20	65.30
28-Feb-09	92.47	95.27	84.71	113.80	100.46	212.19	211.40	72.10	93.34	91.60	87.19	2922.73	98.40	91.47	70.46	89.95	60.18	66.00
31-Mar-09	92.50	95.56	84.46	114.00	100.14	212.71	211.30	72.30	93.52	91.40	87.82	2928.57	98.50	91.57	70.46	90.85	60.97	66.90
30-Apr-09	92.63	95.56	84.29	113.90	101.02	213.24	211.50	72.30	93.66	91.50	88.05	2942.63	98.60	92.27	71.41	91.05	61.39	67.20
31-May-09	92.77	95.37	84.04	114.70	101.18	213.86	212.80	72.20	93.81	91.40	88.05	2956.46	98.30	92.66	71.89	91.17	61.74	67.40
30-Jun-09	92.90	95.18	83.62	115.10	101.36	215.69	213.40	72.10	93.93	91.80	87.97	2967.10	98.30	92.57	72.84	90.85	62.11	67.80
31-Jul-09	93.20	94.99	83.62	114.70	100.69	215.35	213.40	72.10	93.50	91.70	88.29	2974.22	97.40	92.75	76.17	89.89	62.50	68.50
31-Aug-09	93.50	94.99	84.03	114.70	100.80	215.83	214.40	70.90	93.99	92.00	88.60	2978.68	97.60	94.43	77.12	90.14	62.50	68.60
30-Sep-09	93.80	95.08	84.37	114.70	100.79	215.97	215.30	71.40	93.76	91.60	88.68	2985.83	97.30	93.80	77.60	90.62	62.48	69.00
31-Oct-09	93.97	94.99	84.29	114.60	101.42	216.18	216.00	73.20	93.85	91.60	88.44	2994.19	97.00	94.16	78.55	90.70	62.48	69.00
30-Nov-09	94.13	94.80	84.54	115.20	101.61	216.33	216.60	73.20	93.91	91.50	88.60	3006.47	97.00	93.46	79.98	90.61	62.67	69.00
31-Dec-09	94.30	94.70	85.39	114.80	101.37	215.95	218.00	73.50	94.14	92.30	88.91	3017.59	96.50	93.01	80.45	90.08	62.92	69.10
31-Jan-10	94.60	94.13	85.89	115.10	101.25	216.69	217.90	73.50	93.92	91.70	89.22	3040.22	95.80	93.13	81.88	90.05	63.95	69.30
28-Feb-10	94.90	94.13	86.93	115.60	101.40	216.74	219.20	74.20	94.45	92.00	89.54	3063.93	96.00	93.62	80.93	90.69	64.50	69.80
31-Mar-10	95.20	94.42	86.32	115.60	101.54	217.63	220.70	73.90	94.92	92.50	89.85	3079.86	96.10	92.73	80.93	91.77	64.91	70.30
30-Apr-10	95.40	94.13	86.49	116.00	102.41	218.01	222.80	74.20	95.18	92.40	90.32	3097.42	96.20	93.51	80.93	92.08	65.10	70.40
31-May-10	95.60	94.23	86.41	116.30	102.30	218.18	223.60	74.10	95.28	92.50	90.40	3110.74	96.40	93.36	81.88	92.04	65.42	70.60
30-Jun-10	95.80	94.23	85.89	116.20	101.86	217.97	224.10	74.20	95.27	92.60	90.24	3110.74	96.30	93.68	82.84	91.60	65.68	70.60
31-Jul-10	96.03	93.94	86.23	116.80	101.11	218.01	223.60	72.50	95.00	92.80	90.55	3111.05	96.20	93.97	84.74	91.34	65.92	71.10
31-Aug-10	96.27	94.04	86.75	116.70	101.10	218.31	224.50	72.50	95.23	92.90	90.86	3112.29	96.40	93.98	84.74	91.48	66.28	71.10
30-Sep-10	96.50	94.04	87.27	116.90	101.08	218.44	225.30	72.80	95.15	92.70	91.88	3126.29	96.20	94.08	85.22	92.05	66.83	71.10
31-Oct-10	96.63	94.42	87.88	117.40	101.61	218.71	225.80	75.00	95.28	92.80	92.04	3149.74	96.30	94.70	86.17	92.13	67.17	71.30
30-Nov-10	96.77	94.32	88.85	117.50	101.86	218.80	226.80	75.20	95.32	92.90	91.49	3175.88	96.10	94.88	86.64	92.02	67.71	71.40
31-Dec-10	96.90	94.32	89.29	117.50	101.89	219.18	228.40	75.70	95.74	94.00	92.04	3195.89	96.30	94.16	88.07	91.82	68.44	71.50
31-Jan-11	97.37	93.94	90.18	117.80	101.54	220.22	229.00	76.10	95.51	93.50	92.90	3222.42	96.10	94.15	89.50	91.72	70.07	71.90
28-Feb-11	97.83	93.85	91.34	118.10	101.92	221.31	231.30	76.90	95.97	94.10	93.60	3248.20	96.90	94.86	88.40	92.41	70.61	72.30
31-Mar-11	98.30	94.32	91.15	119.40	102.56	223.47	232.50	77.10	96.76	94.70	94.07	3273.86	97.30	94.03	88.40	93.46	71.05	73.20
30-Apr-11	98.60	94.70	91.25	119.80	102.67	224.91	234.40	77.60	97.10	94.90	94.07	3299.07	97.60	94.73	89.10	93.96	71.36	73.50
31-May-11	98.90	94.80	91.34	120.60	102.68	225.96	235.20	78.00	97.16	94.80	94.07	3314.58	97.60	94.91	89.80	94.03	71.70	73.80
30-Jun-11	99.20	94.61	91.61	119.80	102.43	225.72	235.20	78.40	97.23	94.80	94.22	3319.55	97.40	95.50	90.60	93.57	71.86	74.10
31-Jul-11	99.40	94.61	92.01	120.00	101.59	225.92	234.70	78.30	96.79	95.20	94.85	3324.86	97.20	95.22	91.80	94.04	71.86	74.70
31-Aug-11	99.60	94.70	92.28	120.30	101.29	226.55	236.10	76.70	97.31	95.20	95.71	3337.16	97.40	95.25	92.70	94.19	71.68	74.90
30-Sep-11	99.80	94.70	92.71	120.60	101.57	226.89	237.90	77.00	97.23	95.30	95.79	3354.85	97.50	95.37	93.80	94.53	71.66	75.20
31-Oct-11	99.80	94.61	92.80	120.80	101.50	226.42	238.00	79.30	97.42	95.40	95.63	3369.28	97.80	95.88	94.80	94.57	72.00	75.50
30-Nov-11	99.80	94.42	92.62	120.90	101.32	226.23	238.50	79.50	97.64	95.40	95.72	3386.80	97.80	95.86	95.20	94.28	72.30	75.80
31-Dec-11	99.80	94.42	92.89	120.20	101.16	225.67	239.40	80.00	98.04	96.10	96.09	3403.73	97.70	96.07	94.70	94.04	72.62	75.90
31-Jan-12	99.83	94.13	94.28	120.70	100.73	226.67	238.00	80.70	97.68	95.70	96.54	3422.79	97.30	96.37	95.10	93.99	72.98	76.30
29-Feb-12	99.87	94.32	94.19	121.20	101.02	227.66	239.90	80.50	98.09	96.50	96.91	3438.19	98.40	95.09	95.50	94.70	73.25	76.70
31-Mar-12	99.90	94.80	94.37	121.70	101.58	229.39	240.80	80.90	98.93	96.90	96.82	3445.41	99.40	95.21	96.40	95.78	73.68	77.60
30-Apr-12	100.07	94.99	94.28	122.20	101.66	230.09	242.50	81.30	99.06	97.00	96.82	3467.46	99.40	96.09	97.80	96.17	73.91	77.90
31-May-12	100.23	94.80	94.02	122.10	101.64	229.82	242.40	81.30	99.00	96.80	97.00	3479.94	99.40	96.57	98.60	96.03	74.29	77.90
30-Jun-12	100.40	94.42	93.50	121.60	101.35	229.48	241.80	81.30	99.04	96.60	96.91	3482.72	99.20	97.19	99.80	95.57	74.95	78.20
31-Jul-12	100.87	94.32	93.58	121.50	100.86	229.10	242.10	79.60	98.60	97.00	96.73	3497.70	99.10	97.56	101.10	96.20	75.87	78.40
31-Aug-12	101.33	94.42	94.19	121.80	100.83	230.38	243.00	79.60	99.27	97.40	97.09	3512.04	99.90	98.51	102.20	96.32	75.95	78.60
30-Sep-12	101.80	94.61	94.48	122.00	101.15	231.41	244.20	79.90	99.01	97.40	97.73	3532.06	99.90	98.19	102.90	96.72	76.37	79.30
31-Oct-12	101.87	94.61	94.38	122.20	101.27	231.32	245.60	82.30	99.07	97.40	97.64	3552.90	99.80	98.12	103.60	97.29	76.72	79.80
30-Nov-12	101.93	94.32	94.54	121.90	100.94	230.22	245.60	82.50	98.91	97.20	97.27	3574.22	99.30	97.38	104.30	96.89	76.98	80.00
31-Dec-12	102.00	94.23	95.24	121.20	100.73	229.60	246.80	82.90	99.23	98.10	97.46	3602.46	99.40	97.62	104.60	96.76	77.40	80.20
31-Jan-13	102.13	93.94	96.19	121.30	100.46	230.28	245.80	83.10	98.71	97.50	98.01	3633.44	98.80	97.45	104.60	96.78	78.15	80.40
28-Feb-13	102.27	94.04	97.25	122.70	100.76	232.17	247.60	84.00	99.00	98.20	98.28	3655.24	99.60	97.91	105.30	97.54	78.58	81.20
31-Mar-13	102.40	94.32	96.37	122.90	100.98	232.77	248.70	83.80	99.77	98.70	98.10	3672.42	100.00	96.50	105.50	98.58	78.85	82.20
30-Apr-13	102.53	94.61	96.56	122.70	101.01	232.53	249.50	84.60	99.62	98.10	98.01	3692.62	99.90	97.10	106.10	98.67	79.25	82.50
31-May-13	102.67	94.80	95.98	123.00	101.12	232.95	250.00	84.50	99.67	98.30	98.01	3706.28	99.80	97.28	106.90	98.69	79.78	82.30
30-Jun-13	102.80	94.80	95.98	123.00	101.22	233.50	249.70	84.60	99.84	98.50	97.91	3715.92	99.90	97.77	109.30	98.32	80.11	82.50
31-Jul-13	103.20	94.89	96.08	123.10	100.86	233.60	249.70	85.10	99.50	98.90	98.10	3717.03	99.90	97.62	111.00	99.15	80.77	83.40
31-Aug-13	103.60	95.18	96.56	123.10	100.79	233.88	251.00	83.20	99.94	98.90	98.37	3725.95	100.00	97.74	112.40	99.03	80.88	83.60
30-Sep-13	104.00	95.27	97.33	123.30	101.09	234.15	251.90	83.60	99.70	98.90	98.55	3738.99	99.90	99.02	113.70	99.08	81.05	84.00
31-Oct-13	104.27	95.46	97.43	123.00	101.01	233.55	251.90	85.90	99.57	98.60	98.28	3760.30	99.70	98.75	114.80	98.80	81.51	84.20
30-Nov-13	104.53	95.46	97.33	123.00	101.02	233.07	252.10	86.10	99.52	98.80	98.19	3780.61	99.60	98.04	116.30	98.31	81.97	84.30
31-Dec-13	104.80	95.37	97.62	122.70	100.79	233.05	253.40	86.50	99.87	99.30	98.31	3815.39	99.70	97.95	114.50	98.36	82.39	84.50
31-Jan-14	105.00	95.18	98.60	123.10	100.52	233.92	252.60	86.90	99.26	98.60	98.83	3836.37	99.10	98.25	113.60	98.15	82.87	85.10
28-Feb-14	105.20	95.27	99.10	124.10	100.62	234.78	254.20	87.30	99.79	99.20	99.10	3862.84	99.70	97.87	113.60	98.57	83.45	86.00
31-Mar-14	105.40	95.56	98.60	124.80	100.98	236.29	254.80	87.10	100.25	99.40	99.28	3898.38	100.20	98.05	114.20	99.39	84.30	87.20
30-Apr-14	105.57	97.64	98.20	125.20	101.05	237.07	255.70	87.70	100.20	99.20	99.34	3924.50	100.20	98.71	115.10	99.85	85.06	87.60
31-May-14	105.73	98.02	98.30	125.80	101.35	237.90	255.90	87.60	100.23	99.00	99.51	3942.55	100.20	98.86	115.80	99.51	85.83	87.70
30-Jun-14	105.90	98.02	98.20	125.90	101.27	238.34	256.30	87.70	100.19	99.40	99.38	3958.32	100.40	99.37	116.70	99.24	86.36	88.00
31-Jul-14	106.07	98.12	98.20	125.70	100.89	238.25	256.00	88.50	99.87	99.60	99.53	3958.72	100.30	99.34	119.20	100.05	86.78	88.70
31-Aug-14	106.23	98.12	98.40	125.70	100.86	237.85	257.00	86.50	100.31	99.70	99.70	3968.62	100.60	99.77	120.30	99.98	86.99	89.00
30-Sep-14	106.40	98.12	98.90	125.80	101.00	238.03	257.60	89.10	99.92	99.70	99.64	3991.24	100.40	99.72	120.10	99.96	87.56	89.00
31-Oct-14	106.47	98.21	98.90	125.90	101.00	237.43	257.70	90.30	99.95	99.30	99.34	4008.00	100.10	99.79	120.10	99.84	88.28	89.20
30-Nov-14	106.53	98.02	98.60	125.40	100.96	236.15	257.10	90.50	99.78	99.30	99.14	4028.44	99.80	98.88	120.10	99.25	89.41	89.20
31-Dec-14	106.60	97.83	99.00	124.50	100.46	234.81	257.50	90.70	99.86	99.40	99.13	4059.86	99.40	98.54	119.40	99.05	91.75	89.00
31-Jan-15	106.67	97.26	99.30	124.30	100.03	233.71	255.40	90.40	98.85	98.10	99.63	4110.20	98.70	97.33	119.50	98.15	95.28	88.90
28-Feb-15	106.73	97.17	100.50	125.40	99.77	234.72	256.70	91.20	99.51	99.00	99.61	4160.34	99.30	97.67	119.70	98.69	97.40	89.40
31-Mar-15	106.80	97.64	99.90	126.30	100.10	236.12	257.10	90.90	100.17	99.70	99.64	4215.26	100.00	97.45	120.20	99.75	98.57	90.70
30-Apr-15	107.03	97.93	99.70	126.20	99.92	236.60	258.00	90.20	100.29	100.20	99.73	4245.19	99.90	97.90	120.70	100.39	99.03	91.50
31-May-15	107.27	98.02	99.50	126.90	100.15	237.81	258.50	90.20	100.53	100.60	100.04	4276.60	100.40	98.14	121.60	100.61	99.37	91.70
30-Jun-15	107.50	98.02	99.50	127.20	100.22	238.64	258.90	90.30	100.45	100.50	100.06	4310.39	100.80	98.81	123.00	100.23	99.56	92.10
31-Jul-15	107.67	98.02	99.90	127.30	99.61	238.65	258.60	90.80	100.03	100.90	100.24	4337.11	100.50	98.71	123.60	101.00	100.36	93.10
31-Aug-15	107.83	98.02	100.40	127.30	99.45	238.32	259.80	89.10	100.36	100.80	100.40	4346.65	100.80	99.33	124.80	100.69	100.71	93.10
30-Sep-15	108.00	98.02	100.50	127.10	99.55	237.95	259.60	90.90	99.95	100.50	100.24	4370.12	100.30	100.01	125.40	100.50	101.29	93.10
31-Oct-15	108.13	98.12	100.10	127.20	99.63	237.84	259.50	92.30	100.01	100.50	100.25	4405.95	100.00	100.10	126.10	100.41	102.03	93.30
30-Nov-15	108.27	98.02	100.10	127.10	99.56	237.34	259.80	92.50	99.81	99.50	100.13	4450.45	99.70	99.41	126.60	99.85	102.80	93.40
31-Dec-15	108.40	97.93	100.60	126.50	99.15	236.53	260.60	92.80	100.04	99.60	100.39	4493.17	99.60	98.67	126.10	99.73	103.59	93.70
31-Jan-16	108.33	97.26	101.10	126.80	98.76	236.92	258.80	92.70	99.07	98.50	100.44	4550.23	98.70	98.12	126.30	98.71	104.59	94.40
29-Feb-16	108.27	97.17	102.70	127.10	98.95	237.11	260.00	93.90	99.32	98.90	100.89	4591.18	99.10	100.02	126.00	99.30	105.24	95.70
31-Mar-16	108.20	97.36	102.20	127.90	99.24	238.13	261.10	93.50	100.02	99.80	100.62	4610.92	99.40	99.41	126.00	100.31	105.73	96.40
30-Apr-16	108.33	97.55	102.00	128.30	99.56	239.26	261.40	92.60	100.09	99.90	100.76	4639.05	99.70	99.73	127.30	100.40	106.19	97.20
31-May-16	108.47	97.64	101.60	128.80	99.71	240.23	262.10	92.50	100.51	100.50	100.80	4675.23	100.20	99.35	128.60	100.58	106.63	97.40
30-Jun-16	108.60	97.64	101.40	129.10	99.85	241.02	263.10	92.50	100.64	100.60	100.81	4691.59	100.90	99.70	130.10	100.26	107.01	97.90
31-Jul-16	108.87	97.45	101.60	128.90	99.40	240.63	263.40	92.90	100.26	101.20	100.95	4715.99	100.60	99.93	131.10	100.76	107.59	98.70
31-Aug-16	109.13	97.45	101.70	128.70	99.30	240.85	264.40	93.00	100.59	101.10	100.80	4736.74	100.40	99.89	131.10	100.88	107.60	98.60
30-Sep-16	109.40	97.45	102.40	128.80	99.36	241.43	264.90	93.30	100.35	101.10	101.45	4740.53	100.00	100.35	130.90	100.57	107.79	98.80
31-Oct-16	109.60	97.64	102.30	129.10	99.42	241.73	264.80	93.40	100.37	101.20	101.55	4752.86	99.60	101.80	131.40	100.83	108.25	99.30
30-Nov-16	109.80	97.64	102.40	128.60	99.22	241.35	265.50	93.70	100.36	100.30	101.43	4761.42	99.50	101.37	131.20	100.49	108.72	99.60
31-Dec-16	110.00	97.64	102.60	128.40	99.14	241.43	267.10	93.90	100.66	101.20	101.54	4775.70	99.40	100.34	130.40	100.71	109.16	100.00
31-Jan-17	110.17	97.45	103.70	129.50	99.11	242.84	265.50	93.90	100.41	100.20	102.41	4793.85	98.90	100.32	130.30	100.35	109.84	100.60
28-Feb-17	110.33	97.45	103.50	129.70	99.58	243.60	268.40	93.80	100.52	101.00	102.75	4809.67	99.40	99.96	130.60	101.09	110.08	101.70
31-Mar-17	110.50	97.64	103.20	129.90	99.80	243.80	269.30	94.00	101.14	101.30	102.77	4821.69	100.00	99.59	130.90	101.44	110.22	102.30
30-Apr-17	110.57	97.93	103.20	130.40	100.00	244.52	270.60	94.50	101.23	101.90	102.64	4828.44	100.40	99.83	131.10	101.98	110.59	102.40
31-May-17	110.63	98.13	103.30	130.50	100.19	244.73	271.70	94.40	101.28	101.80	102.78	4843.41	100.20	99.94	131.40	101.65	110.99	102.70
30-Jun-17	110.70	98.03	103.10	130.40	100.04	244.96	272.30	94.30	101.30	102.30	102.65	4832.27	100.30	100.70	132.00	101.37	111.67	102.90
31-Jul-17	110.93	97.93	103.00	130.40	99.73	244.79	272.90	94.70	100.94	102.90	102.84	4843.87	100.40	100.70	134.20	102.11	111.75	103.20
31-Aug-17	111.17	98.13	103.50	130.50	99.76	245.52	274.70	94.80	101.47	103.00	103.46	4853.07	100.80	100.85	135.40	102.27	111.15	103.30
30-Sep-17	111.40	98.13	104.10	130.80	100.01	246.82	275.10	94.60	101.30	103.00	103.57	4860.83	100.20	100.84	135.20	102.03	110.98	103.80
31-Oct-17	111.63	98.42	104.20	130.90	100.07	246.66	275.30	94.90	101.40	102.70	103.38	4881.25	100.10	101.46	136.10	102.17	111.20	104.10
30-Nov-17	111.87	98.52	104.20	131.30	100.00	246.67	275.80	95.20	101.47	102.00	102.70	4894.92	100.00	101.71	137.60	102.00	111.45	104.20
31-Dec-17	112.10	98.52	104.50	130.80	99.97	246.52	278.10	95.50	101.76	102.70	103.02	4916.46	99.90	101.56	137.20	101.97	111.91	104.70
31-Jan-18	112.27	98.23	105.20	131.70	99.84	247.87	276.00	95.50	101.67	101.70	103.44	4930.72	99.20	101.21	136.90	101.82	112.26	105.00
28-Feb-18	112.43	98.42	106.50	132.50	100.21	248.99	278.10	96.70	101.64	102.20	104.24	4946.50	100.10	102.16	136.40	102.31	112.50	105.80
31-Mar-18	112.60	98.42	105.30	132.90	100.59	249.55	278.30	96.40	102.42	103.00	104.14	4950.95	100.50	101.17	136.50	102.47	112.82	106.20
30-Apr-18	112.73	98.72	105.10	133.30	100.80	250.55	279.70	96.30	102.59	103.20	104.28	4961.84	100.30	101.83	137.10	103.11	113.25	107.00
31-May-18	112.87	98.82	104.90	133.40	101.19	251.59	280.70	96.40	103.06	104.30	104.36	4981.69	100.90	101.69	137.80	103.42	113.68	107.20
30-Jun-18	113.00	98.82	104.90	133.60	101.19	251.99	281.50	96.60	103.07	104.40	104.18	5044.46	101.00	102.11	138.50	103.10	114.24	107.60
31-Jul-18	113.17	98.72	105.20	134.30	100.96	252.01	281.70	96.90	102.96	105.20	105.50	5061.11	101.40	102.47	139.80	104.28	114.55	108.50
31-Aug-18	113.33	99.01	105.90	134.20	100.94	252.15	284.20	97.00	103.48	105.20	104.89	5056.56	101.70	102.40	140.40	104.40	114.56	108.40
30-Sep-18	113.50	99.11	106.60	133.70	101.00	252.44	284.10	97.20	103.25	105.30	105.58	5080.83	101.40	102.57	140.20	103.95	114.74	108.90
31-Oct-18	113.70	99.40	106.80	134.10	101.18	252.89	284.50	97.40	103.37	105.40	105.40	5103.69	101.20	102.64	140.70	104.32	115.14	109.40
30-Nov-18	113.90	99.40	106.40	133.50	100.92	252.04	284.60	97.60	103.14	104.20	104.71	5092.97	100.80	102.01	140.80	104.07	115.72	109.60
31-Dec-18	114.10	99.21	106.50	133.40	100.66	251.23	285.60	97.90	103.16	104.40	104.35	5100.61	100.70	101.50	140.10	103.97	116.69	109.40
31-Jan-19	114.10	99.01	107.00	133.60	100.40	251.71	283.00	97.80	102.67	103.40	104.24	5116.93	100.00	101.39	139.60	104.05	117.87	109.20
28-Feb-19	114.10	99.11	108.10	134.50	100.79	252.78	285.00	98.70	102.73	103.90	104.69	5138.93	100.80	102.38	139.90	104.97	118.39	110.10
31-Mar-19	114.10	99.30	107.70	135.40	101.33	254.20	285.10	98.40	103.43	104.40	104.49	5177.47	101.60	101.74	140.40	105.37	118.77	111.00
30-Apr-19	114.33	99.60	107.80	136.00	101.52	255.55	288.20	99.10	103.76	105.40	104.87	5206.98	102.00	102.50	141.20	106.08	119.11	111.70
31-May-19	114.57	99.60	107.80	136.60	101.83	256.09	289.20	99.00	103.86	105.70	105.05	5213.75	101.90	102.64	142.00	105.94	119.52	112.00
30-Jun-19	114.80	99.40	107.70	136.30	101.80	256.14	289.60	99.70	104.12	106.00	104.88	5214.27	102.10	102.98	142.90	105.84	119.56	112.40
31-Jul-19	115.00	99.30	108.10	137.00	101.27	256.57	289.50	100.10	103.91	106.40	104.56	5224.18	101.90	102.86	144.20	106.90	119.80	112.80
31-Aug-19	115.20	99.50	108.90	136.80	101.26	256.56	291.70	100.30	104.40	106.30	104.81	5229.93	102.30	102.84	145.00	107.37	119.52	113.10
30-Sep-19	115.40	99.40	109.80	136.20	101.15	256.76	291.00	100.30	104.04	106.20	105.20	5227.84	102.00	103.00	145.80	106.70	119.33	113.40
31-Oct-19	115.40	99.79	110.80	136.60	100.92	257.35	290.40	100.60	103.99	106.30	105.46	5233.07	101.80	103.02	147.20	107.16	119.48	113.40
30-Nov-19	115.40	99.99	111.20	136.40	100.79	257.21	291.00	100.70	103.92	105.40	104.87	5259.76	101.60	102.60	148.60	106.73	119.81	113.50
31-Dec-19	116.20	99.99	111.20	136.40	100.82	256.97	291.90	100.70	104.39	106.00	105.12	5320.25	101.80	102.66	150.40	106.80	120.25	113.80
31-Jan-20	116.33	99.79	112.80	136.80	100.60	257.97	290.60	98.50	103.94	105.10	105.79	5331.42	101.10	103.28	150.20	105.97	120.73	114.10
29-Feb-20	116.47	99.70	113.70	137.40	100.73	258.68	292.00	101.00	103.93	105.70	105.80	5344.75	101.70	102.17	149.10	106.64	121.13	115.20
31-Mar-20	116.60	99.70	112.30	136.60	100.80	258.12	292.60	100.90	103.85	105.80	105.54	5348.49	102.10	101.71	148.60	106.85	121.79	115.60
30-Apr-20	115.87	99.40	111.30	135.70	100.44	256.39	292.60	101.00	103.81	106.20	104.95	5331.91	101.70	101.51	151.40	107.34	122.80	115.00
31-May-20	115.13	99.40	110.40	136.10	100.48	256.39	292.20	100.70	103.95	106.20	104.71	5311.65	101.10	101.40	150.90	107.18	123.13	114.30
30-Jun-20	114.40	99.40	110.40	137.20	100.50	257.80	292.70	100.60	104.04	106.90	104.87	5325.46	101.50	102.21	151.80	107.51	123.41	114.90
31-Jul-20	115.00	99.40	110.00	137.20	100.34	259.10	294.20	97.70	104.44	106.40	104.86	5344.63	101.30	102.34	153.90	108.69	123.84	116.40
31-Aug-20	115.60	99.11	111.50	137.00	100.39	259.92	293.30	99.90	104.34	106.20	105.50	5357.46	101.20	102.50	154.70	108.13	123.79	116.60
30-Sep-20	116.20	99.11	111.70	136.90	100.34	260.28	294.30	97.80	103.80	105.80	106.20	5391.75	100.80	102.40	156.40	107.88	123.70	116.80
31-Oct-20	116.53	99.11	111.40	137.50	100.35	260.39	294.30	100.20	103.75	105.80	105.61	5438.12	100.30	102.75	158.40	108.47	124.23	117.10
30-Nov-20	116.87	99.01	110.70	137.70	100.10	260.23	293.50	100.30	103.86	104.70	105.50	5486.52	100.60	102.69	158.90	107.61	125.11	117.10
31-Dec-20	117.20	98.91	111.50	137.40	100.00	260.47	295.40	99.80	104.09	105.30	105.67	5560.59	100.80	102.71	157.30	107.85	126.15	117.30
31-Jan-21	117.43	99.21	112.55	138.20	100.06	261.58	294.60	101.10	104.24	106.80	106.47	5574.49	101.00	103.08	156.30	107.62	127.00	117.70
28-Feb-21	117.67	99.30	113.22	138.90	100.22	263.01	296.00	101.40	104.24	107.40	107.00	5622.43	101.30	103.58	156.60	108.57	127.99	118.50
31-Mar-21	117.90	99.60	112.66	139.60	100.56	264.88	296.90	101.50	104.89	107.90	107.16	5674.72	102.20	102.96	156.80	108.87	128.83	119.30
30-Apr-21	118.20	99.30	112.33	140.30	100.77	267.05	301.10	101.80	105.00	108.40	107.39	5692.31	102.80	103.64	157.80	109.36	129.58	120.10
31-May-21	118.50	99.50	112.22	141.00	101.03	269.20	301.90	101.60	105.34	108.70	107.46	5739.56	103.00	103.88	160.40	109.46	130.54	120.20
30-Jun-21	118.80	99.50	111.77	141.40	101.11	271.70	304.00	101.30	105.48	109.10	107.39	5769.98	103.10	104.08	161.30	109.67	131.44	120.50
31-Jul-21	119.10	99.80	112.10	142.30	101.02	273.00	305.50	101.40	105.55	109.70	107.61	5825.37	103.50	104.29	162.50	110.23	131.85	121.80
31-Aug-21	119.40	99.80	112.22	142.60	101.27	273.57	307.40	101.50	106.21	109.80	108.29	5876.05	104.20	104.90	162.90	110.71	132.07	122.30
30-Sep-21	119.70	99.80	112.22	142.90	101.29	274.31	308.60	99.20	105.97	110.10	108.83	5944.21	104.60	105.06	163.20	110.79	132.86	122.60
31-Oct-21	119.70	99.90	113.00	143.90	101.60	276.59	312.00	102.00	106.42	110.70	108.97	6018.51	105.40	105.36	165.50	112.18	134.34	122.90
30-Nov-21	119.70	99.90	113.00	143.90	101.63	277.95	312.00	102.00	106.42	111.00	109.41	6075.69	106.00	105.61	166.70	113.17	134.34	122.90
15-Dec-21	119.70	99.90	113.00	143.90	101.63	277.95	312.00	102.00	106.42	111.00	109.41	6075.69	106.00	105.61	166.70	113.17	134.34	122.90
